object={
	name="rockformation_granite_01"
	clamp_to_water_level=no
	render_under_water=yes
	generated_content=no
	layer="massive_environment"
	pdxmesh="rockformation_01_mesh"
	count=6
	transform="2401.061279 0.000000 2952.565674 0.000000 0.929916 0.000000 0.367773 2.110571 2.110571 2.110571
2397.382324 0.000000 2953.182129 0.000000 0.000000 0.000000 1.000000 2.110571 2.110571 2.110571
3983.194580 0.000000 2899.803223 0.000000 0.857909 0.000000 -0.513802 1.505696 1.505696 1.505696
3953.581787 0.000000 2911.465576 0.000000 0.000000 0.000000 1.000000 1.633350 1.633350 1.633350
4000.209717 0.000000 3008.711670 0.000000 0.000000 0.000000 1.000000 1.743381 1.743381 1.743381
4533.658691 0.000000 695.567749 0.000000 0.000000 0.000000 1.000000 2.300879 2.300879 2.300879
"}
