object={
	name="vulture_01"
	clamp_to_water_level=no
	render_under_water=no
	generated_content=no
	layer="environmental_effects"
	entity="vulture_01_frame_entity"
	count=17
	transform="7093.176270 0.000000 936.189941 0.000000 0.000000 0.000000 1.000000 1.000000 1.000000 1.000000
6995.381348 0.000000 866.528442 0.000000 0.000000 0.000000 1.000000 1.000000 1.000000 1.000000
6808.124023 0.000000 979.253906 0.000000 0.000000 0.000000 1.000000 1.000000 1.000000 1.000000
6835.883789 0.000000 800.788269 0.000000 0.000000 0.000000 1.000000 1.000000 1.000000 1.000000
7412.767090 0.000000 983.442200 0.000000 0.000000 0.000000 1.000000 1.000000 1.000000 1.000000
7366.734375 0.000000 721.684814 0.000000 0.000000 0.000000 1.000000 1.000000 1.000000 1.000000
7019.569336 0.000000 911.192871 0.000000 0.000000 0.000000 1.000000 1.000000 1.000000 1.000000
7098.857422 0.000000 864.943848 0.000000 0.000000 0.000000 1.000000 1.000000 1.000000 1.000000
2420.656250 0.000000 1233.718018 0.000000 0.000000 0.000000 1.000000 0.597412 0.597412 0.597412
2466.572998 0.000000 1153.102295 0.000000 0.000000 0.000000 1.000000 1.000000 1.000000 1.000000
2579.987549 0.000000 952.878662 0.000000 0.000000 0.000000 1.000000 1.000000 1.000000 1.000000
2545.501221 0.000000 804.643188 0.000000 0.000000 0.000000 1.000000 1.000000 1.000000 1.000000
2440.502686 0.000000 280.524994 0.000000 0.000000 0.000000 1.000000 1.000000 1.000000 1.000000
2459.839111 0.000000 289.006317 0.000000 0.000000 0.000000 1.000000 1.000000 1.000000 1.000000
2294.052246 0.000000 1378.899048 0.000000 0.000000 0.000000 1.000000 1.000000 1.000000 1.000000
2479.196045 0.000000 177.490967 0.000000 0.000000 0.000000 1.000000 1.000000 1.000000 1.000000
2349.156250 0.000000 1348.579102 0.000000 0.000000 0.000000 1.000000 1.000000 1.000000 1.000000
"}
