object={
	name="env_coast_foam_m"
	clamp_to_water_level=yes
	render_under_water=yes
	generated_content=no
	layer="environmental_effects"
	entity="env_coast_foam_m"
	count=59
	transform="4344.456543 0.000000 3021.878418 0.000000 -0.635307 0.000000 -0.772259 1.000000 1.000000 1.000000
4203.979492 0.000000 3068.916260 0.000000 -0.642445 0.000000 -0.766332 1.000000 1.000000 1.000000
7295.213379 0.000000 2341.552490 0.000000 -0.418694 0.000000 0.908127 1.000000 1.000000 1.000000
7272.224121 0.000000 2441.961914 0.000000 0.833163 0.000000 0.553028 1.000000 1.000000 1.000000
7319.214844 0.000000 2405.696533 0.000000 -0.676980 0.000000 0.736001 1.000000 1.000000 1.000000
7355.033203 0.000000 2701.787354 0.000000 -0.610247 0.000000 0.792211 1.000000 1.000000 1.000000
7322.583984 0.000000 2683.759033 0.000000 0.731941 0.000000 0.681368 1.000000 1.000000 1.000000
7161.379883 0.000000 2367.454346 0.000000 0.994603 0.000000 0.103751 1.000000 1.000000 1.000000
4792.218262 0.000000 2634.738525 0.000000 -0.416531 0.000000 0.909121 1.000000 1.000000 1.000000
4644.076172 0.000000 2998.666260 0.000000 0.731109 0.000000 0.682260 1.000000 1.000000 1.000000
4566.347168 0.000000 2947.458496 0.000000 0.690431 0.000000 0.723398 1.000000 1.000000 1.000000
6688.241211 0.000000 2016.915283 0.000000 -0.148316 0.000000 0.988940 1.000000 1.000000 1.000000
6876.681641 0.000000 2266.653809 0.000000 -0.864793 0.000000 0.502128 1.000000 1.000000 1.000000
6834.171875 0.000000 2333.575439 0.000000 -0.957779 0.000000 0.287506 1.000000 1.000000 1.000000
6868.453125 0.000000 2051.434814 0.000000 -0.584404 0.000000 0.811463 1.000000 1.000000 1.000000
6841.366211 0.000000 2083.343262 0.000000 -0.879272 0.000000 -0.476320 1.000000 1.000000 1.000000
4440.427734 0.000000 2583.543701 0.000000 0.367465 0.000000 0.930037 1.000000 1.000000 1.000000
4511.672852 0.000000 2535.138184 0.000000 0.277733 0.000000 0.960658 1.000000 1.000000 1.000000
4735.670410 0.000000 2551.034912 0.000000 -0.543486 0.000000 0.839418 1.000000 1.000000 1.000000
6540.191895 0.000000 1909.420654 0.000000 0.920263 0.000000 -0.391299 1.000000 1.000000 1.000000
6591.360840 0.000000 1839.375122 0.000000 -0.792810 0.000000 0.609469 1.000000 1.000000 1.000000
6563.681152 0.000000 1754.186157 0.000000 -0.267456 0.000000 0.963570 1.000000 1.000000 1.000000
6478.013672 0.000000 1727.207153 0.000000 0.712996 0.000000 0.701168 1.000000 1.000000 1.000000
6372.174805 0.000000 1773.570190 0.000000 -0.564471 0.000000 0.825453 1.000000 1.000000 1.000000
6329.904785 0.000000 1709.476318 0.000000 0.706029 0.000000 0.708183 1.000000 1.000000 1.000000
6316.399414 0.000000 1865.676270 0.000000 0.641047 0.000000 0.767501 1.000000 1.000000 1.000000
6242.090332 0.000000 1903.911255 0.000000 0.765544 0.000000 0.643383 1.000000 1.000000 1.000000
6197.951660 0.000000 1986.337280 0.000000 0.459324 0.000000 0.888269 1.000000 1.000000 1.000000
2427.707275 0.000000 2486.451172 0.000000 -0.086835 0.000000 0.996223 1.000000 1.000000 1.000000
5657.193359 0.000000 3541.622559 0.000000 0.799384 0.000000 0.600820 1.000000 1.000000 1.000000
5977.485840 0.000000 3605.009033 0.000000 -0.999451 0.000000 -0.033140 1.000000 1.000000 1.000000
5926.054199 0.000000 3543.479492 0.000000 0.984653 0.000000 -0.174521 1.000000 1.000000 1.000000
5787.350586 0.000000 3532.075684 0.000000 0.979540 0.000000 0.201248 1.000000 1.000000 1.000000
4696.978027 0.000000 2393.835449 0.000000 0.481620 0.000000 0.876380 1.000000 1.000000 1.000000
4824.185059 0.000000 2529.019043 0.000000 -0.945599 -0.000000 -0.325333 1.000000 1.000000 1.000000
7479.438965 0.000000 501.770111 0.000000 -0.686713 0.000000 0.726928 1.000000 1.000000 1.000000
7454.096680 0.000000 530.376587 0.000000 0.990702 0.000000 0.136047 1.000000 1.000000 1.000000
7408.541016 0.000000 465.251801 0.000000 0.447901 0.000000 0.894083 1.000000 1.000000 1.000000
7641.501465 0.000000 2959.539307 0.000000 0.797657 0.000000 0.603111 1.000000 1.000000 1.000000
7797.088379 0.000000 2927.730225 0.000000 -0.528492 0.000000 0.848938 1.000000 1.000000 1.000000
8107.397461 0.000000 637.229858 0.000000 -0.853011 0.000000 0.521892 1.000000 1.000000 1.000000
8127.916504 0.000000 615.594666 0.000000 -0.982028 0.000000 0.188737 1.000000 1.000000 1.000000
8044.978027 0.000000 654.509216 0.000000 0.435636 0.000000 0.900123 1.000000 1.000000 1.000000
8062.858887 0.000000 623.098572 0.000000 0.525484 0.000000 0.850803 1.000000 1.000000 1.000000
8068.342285 0.000000 598.226135 0.000000 0.759543 0.000000 0.650457 1.000000 1.000000 1.000000
7902.157227 0.000000 422.334076 0.000000 -0.915173 0.000000 -0.403062 1.624005 1.624005 1.624005
7953.181641 0.000000 457.350769 0.000000 -0.954778 0.000000 -0.297320 1.189487 1.189487 1.189487
7986.633301 0.000000 487.506195 0.000000 -0.887030 0.000000 -0.461712 1.171420 1.171420 1.171420
8017.874512 0.000000 428.430511 0.000000 0.230284 0.000000 -0.973123 1.000000 1.000000 1.000000
7999.331543 0.000000 402.047058 0.000000 -0.554252 0.000000 0.832350 1.000000 1.000000 1.000000
7970.578613 0.000000 365.147247 0.000000 -0.348430 0.000000 0.937335 1.000000 1.000000 1.000000
8060.917480 0.000000 476.268097 0.000000 -0.458619 0.000000 0.888633 1.000000 1.000000 1.000000
8125.801270 0.000000 523.898132 0.000000 -0.468947 0.000000 0.883226 1.553735 1.553735 1.553735
7903.917480 0.000000 368.337006 0.000000 0.040821 0.000000 0.999166 0.762592 0.762592 0.762592
8009.118164 0.000000 523.520508 0.000000 -0.872022 0.000000 -0.489468 1.000000 1.000000 1.000000
8032.507324 0.000000 684.110718 0.000000 0.418639 0.000000 0.908153 0.497032 0.497032 0.497032
5084.750000 0.000000 966.580505 0.000000 0.666081 0.000000 0.745879 1.000000 1.000000 1.000000
5099.575195 0.000000 1126.753906 0.000000 0.796109 0.000000 0.605154 1.000000 1.000000 1.000000
5099.484863 0.000000 1053.330078 0.000000 0.796109 0.000000 0.605154 1.000000 1.000000 1.000000
"}
object={
	name="env_coast_foam_s"
	clamp_to_water_level=yes
	render_under_water=yes
	generated_content=no
	layer="environmental_effects"
	entity="env_coast_foam_s"
	count=37
	transform="4352.734375 0.000000 3009.301514 0.000000 0.577947 0.000000 0.816074 1.000000 1.000000 1.000000
4208.555176 0.000000 3124.995605 0.000000 -0.562901 0.000000 -0.826524 1.000000 1.000000 1.000000
4236.198242 0.000000 3013.637207 0.000000 -0.255843 0.000000 -0.966719 1.000000 1.000000 1.000000
4226.607422 0.000000 3018.687500 0.000000 -0.255843 0.000000 -0.966719 1.000000 1.000000 1.000000
4218.946289 0.000000 3037.759766 0.000000 -0.856554 0.000000 -0.516057 1.000000 1.000000 1.000000
4498.609375 0.000000 3032.660400 0.000000 -0.238701 0.000000 0.971093 1.000000 1.000000 1.000000
4866.090820 0.000000 2590.817383 0.000000 0.034295 0.000000 0.999412 1.000000 1.000000 1.000000
4846.796875 0.000000 2617.147217 0.000000 0.393148 0.000000 0.919475 1.000000 1.000000 1.000000
4719.865234 0.000000 3061.251221 0.000000 0.999263 0.000000 0.038377 1.286450 1.286450 1.286450
4581.434570 0.000000 2992.862305 0.000000 0.911849 0.000000 0.410525 1.000000 1.000000 1.000000
2631.966797 0.000000 2587.977295 0.000000 -0.380908 0.000000 0.924613 1.000000 1.000000 1.000000
4682.114258 0.000000 2431.174072 0.000000 0.702953 0.000000 0.711236 1.000000 1.000000 1.000000
5038.626465 0.000000 2539.396973 0.000000 0.625983 0.000000 0.779837 1.000000 1.000000 1.000000
7787.129883 0.000000 2893.246582 0.000000 -0.295217 0.000000 0.955430 1.000000 1.000000 1.000000
8071.510254 0.000000 676.786011 0.000000 -0.999533 0.000000 0.030569 1.000000 1.000000 1.000000
8064.962402 0.000000 681.778503 0.000000 -1.000000 0.000000 0.000362 1.000000 1.000000 1.000000
8057.673340 0.000000 686.272827 0.000000 -0.999978 0.000000 0.006648 1.000000 1.000000 1.000000
8157.716309 0.000000 577.831238 0.000000 -0.689813 0.000000 0.723988 1.000000 1.000000 1.000000
7921.168457 0.000000 352.712585 0.000000 0.102906 0.000000 0.994691 1.000000 1.000000 1.000000
8041.237305 0.000000 456.770844 0.000000 -0.708359 0.000000 0.705853 1.000000 1.000000 1.000000
7883.908203 0.000000 381.249054 0.000000 0.628455 0.000000 0.777846 1.000000 1.000000 1.000000
8034.243652 0.000000 701.960388 0.000000 0.998587 0.000000 0.053132 1.000000 1.000000 1.000000
8045.749023 0.000000 693.848511 0.000000 -0.977976 0.000000 0.208716 1.000000 1.000000 1.000000
5190.872070 0.000000 994.031250 0.000000 -0.588951 0.000000 0.808168 1.000000 1.000000 1.000000
5199.419922 0.000000 1017.489136 0.000000 -0.588951 0.000000 0.808168 1.000000 1.000000 1.000000
5207.753906 0.000000 1042.230103 0.000000 -0.548140 0.000000 0.836386 1.000000 1.000000 1.000000
5223.558105 0.000000 1087.036499 0.000000 -0.548140 0.000000 0.836386 1.000000 1.000000 1.000000
5216.684570 0.000000 1069.417114 0.000000 -0.548140 0.000000 0.836386 1.000000 1.000000 1.000000
3628.291504 0.000000 3193.952637 0.000000 0.197575 0.000000 0.980288 1.357520 1.357520 1.357520
3722.717285 0.000000 3203.288574 0.000000 -0.194343 0.000000 0.980934 1.000000 1.000000 1.000000
3678.909912 0.000000 3307.939209 0.000000 0.998078 0.000000 0.061968 1.000000 1.000000 1.000000
153.040283 0.000000 3217.423828 0.000000 0.055763 0.000000 0.998444 1.250635 1.250635 1.250635
196.078735 0.000000 3186.816650 0.000000 -0.333070 0.000000 0.942902 1.000000 1.000000 1.000000
237.619446 0.000000 3177.828857 0.000000 -0.379817 0.000000 0.925061 1.000000 1.000000 1.000000
7556.113281 0.000000 3029.940674 0.000000 -0.015441 0.000000 0.999881 1.000000 1.000000 1.000000
7423.994141 0.000000 3040.727783 0.000000 -0.015441 0.000000 0.999881 1.000000 1.000000 1.000000
7269.902832 0.000000 2976.673828 0.000000 -0.295217 0.000000 0.955430 1.000000 1.000000 1.000000
"}
object={
	name="env_coast_splash"
	clamp_to_water_level=yes
	render_under_water=yes
	generated_content=no
	layer="environmental_effects"
	entity="env_coast_splash"
	count=57
	transform="4254.525391 0.000000 3008.006592 0.000000 0.147108 0.000000 0.989120 1.000000 1.000000 1.000000
4211.868652 0.000000 3060.617188 0.000000 0.671074 0.000000 0.741390 1.000000 1.000000 1.000000
4223.248535 0.000000 3038.340088 0.000000 0.671074 0.000000 0.741390 1.000000 1.000000 1.000000
4220.615234 0.000000 3042.984619 0.000000 0.534748 0.000000 0.845012 1.000000 1.000000 1.000000
4226.524902 0.000000 3051.134521 0.000000 0.415088 0.000000 0.909781 1.000000 1.000000 1.000000
4202.191895 0.000000 3117.364502 0.000000 -0.818223 0.000000 0.574901 1.000000 1.000000 1.000000
4205.912598 0.000000 3104.616211 0.000000 -0.818223 0.000000 0.574901 1.000000 1.000000 1.000000
4226.510742 0.000000 3083.593262 0.000000 -0.789300 0.000000 0.614008 1.000000 1.000000 1.000000
4223.961914 0.000000 3079.327148 0.000000 -0.789300 0.000000 0.614008 1.000000 1.000000 1.000000
4215.652832 0.000000 3082.803711 0.000000 -0.684225 0.000000 0.729271 1.000000 1.000000 1.000000
7260.616699 0.000000 2332.720703 0.000000 0.000000 0.000000 1.000000 1.219751 1.219751 1.219751
7256.518555 0.000000 2346.140869 0.000000 0.000000 0.000000 1.000000 1.601417 1.601417 1.601417
7282.725098 0.000000 2340.200439 0.000000 0.000000 0.000000 1.000000 1.518555 1.518555 1.518555
7215.960449 0.000000 2326.218262 0.000000 -0.656283 0.000000 0.754515 1.345239 1.345239 1.345239
7231.166016 0.000000 2334.143555 0.000000 0.000000 0.000000 1.000000 1.562232 1.562232 1.562232
7246.283691 0.000000 2333.002930 0.000000 -0.769496 0.000000 0.638652 1.231738 1.231738 1.231738
4607.811523 0.000000 2997.784912 0.000000 -0.208720 0.000000 0.977975 1.325415 1.325415 1.325415
2450.893799 0.000000 2499.185303 0.000000 0.000000 0.000000 1.000000 1.000000 1.000000 1.000000
2628.500244 0.000000 2590.447754 0.000000 -0.389947 0.000000 0.920837 1.000000 1.000000 1.000000
4683.270020 0.000000 2476.213379 0.000000 0.000000 0.000000 1.000000 1.000000 1.000000 1.000000
4688.152832 0.000000 2409.638184 0.000000 0.893455 0.000000 0.449152 1.000000 1.000000 1.000000
5042.797852 0.000000 2540.756836 0.000000 0.663163 0.000000 0.748475 1.000000 1.000000 1.000000
7451.797852 0.000000 453.843079 0.000000 -0.108611 0.000000 0.994084 1.000000 1.000000 1.000000
7468.155762 0.000000 461.088593 0.000000 -0.607632 0.000000 0.794218 1.000000 1.000000 1.000000
7460.573242 0.000000 526.148499 0.000000 0.997211 0.000000 0.074633 1.000000 1.000000 1.000000
7403.116699 0.000000 486.606689 0.000000 0.787611 0.000000 0.616173 1.000000 1.000000 1.000000
7634.812012 0.000000 2756.945312 0.000000 0.000000 0.000000 1.000000 1.000000 1.000000 1.000000
7652.892578 0.000000 2770.816406 0.000000 -0.285990 0.000000 0.958233 1.000000 1.000000 1.000000
7643.723633 0.000000 2761.759033 0.000000 -0.159051 0.000000 0.987270 1.000000 1.000000 1.000000
7813.114258 0.000000 2945.403320 0.000000 -0.328790 0.000000 0.944403 1.000000 1.000000 1.000000
7793.471191 0.000000 3023.034912 0.000000 -0.420855 0.000000 0.907128 1.000000 1.000000 1.000000
7796.541992 0.000000 3027.891846 0.000000 -0.420855 0.000000 0.907128 1.000000 1.000000 1.000000
7796.541992 0.000000 3027.891846 0.000000 -0.493556 0.000000 0.869714 1.000000 1.000000 1.000000
7802.637207 0.000000 3032.657227 0.000000 -0.383925 0.000000 0.923364 1.000000 1.000000 1.000000
7811.582520 0.000000 3037.931152 0.000000 0.000000 0.000000 1.000000 1.000000 1.000000 1.000000
7783.538086 0.000000 2897.102051 0.000000 -0.230573 0.000000 0.973055 1.000000 1.000000 1.000000
7786.081543 0.000000 2898.644775 0.000000 -0.238286 0.000000 0.971195 1.000000 1.000000 1.000000
7846.023926 0.000000 3035.611572 0.000000 0.000000 0.000000 1.000000 1.000000 1.000000 1.000000
7827.002441 0.000000 3026.982910 0.000000 -0.194133 0.000000 0.980975 1.000000 1.000000 1.000000
3584.295410 0.000000 3208.046631 0.000000 0.000000 0.000000 1.000000 1.827761 1.827761 1.827761
3586.828125 0.000000 3234.625244 0.000000 0.401717 0.000000 0.915764 1.541480 1.541480 1.541480
3594.675293 0.000000 3216.494629 0.000000 0.697331 0.000000 0.716749 1.265942 1.265942 1.265942
3553.193359 0.000000 3289.383057 0.000000 0.000000 0.000000 1.000000 1.346973 1.346973 1.346973
149.954956 0.000000 3222.794434 0.000000 -0.001500 0.000000 0.999999 1.000000 1.000000 1.000000
154.169601 0.000000 3222.967773 0.000000 -0.009434 0.000000 0.999955 1.318823 1.318823 1.318823
190.664963 0.000000 3189.825439 0.000000 -0.269180 0.000000 0.963090 1.000000 1.000000 1.000000
194.185913 0.000000 3192.148438 0.000000 -0.276813 0.000000 0.960924 1.000000 1.000000 1.000000
233.395950 0.000000 3180.979980 0.000000 -0.317017 0.000000 0.948420 1.000000 1.000000 1.000000
235.622513 0.000000 3182.952881 0.000000 -0.324532 0.000000 0.945875 1.000000 1.000000 1.000000
7555.162109 0.000000 3035.123535 0.000000 0.051551 0.000000 0.998670 1.000000 1.000000 1.000000
7558.136230 0.000000 3035.054443 0.000000 0.043626 0.000000 0.999048 1.000000 1.000000 1.000000
7423.042969 0.000000 3045.910645 0.000000 0.051551 0.000000 0.998670 1.000000 1.000000 1.000000
7426.017090 0.000000 3045.841553 0.000000 0.043626 0.000000 0.999048 1.000000 1.000000 1.000000
7266.311035 0.000000 2980.529297 0.000000 -0.230573 0.000000 0.973055 1.000000 1.000000 1.000000
7268.854492 0.000000 2982.072021 0.000000 -0.238286 0.000000 0.971195 1.000000 1.000000 1.000000
6587.783203 0.000000 2929.301270 0.000000 -0.005249 0.000000 0.999986 1.000000 1.000000 1.000000
6593.965332 0.000000 2934.334229 0.000000 -0.005249 0.000000 0.999986 1.000000 1.000000 1.000000
"}
object={
	name="env_geyser_large_obj"
	clamp_to_water_level=no
	render_under_water=yes
	generated_content=no
	layer="environmental_effects"
	entity="env_geyser_large"
	count=4
	transform="7743.207031 0.000000 2897.591309 0.000000 0.000000 0.000000 1.000000 1.000000 1.000000 1.000000
3646.334229 0.000000 3225.008057 0.000000 0.000000 0.000000 1.000000 0.186190 0.186190 0.186190
3607.281250 0.000000 3245.046143 0.000000 0.000000 0.000000 1.000000 0.485625 0.485625 0.485625
3749.367432 0.000000 3247.259033 0.000000 0.000000 0.000000 1.000000 1.809839 1.809839 1.809839
"}
object={
	name="env_geyser_medium_obj"
	clamp_to_water_level=no
	render_under_water=yes
	generated_content=no
	layer="environmental_effects"
	entity="env_geyser_medium"
	count=2
	transform="7747.733887 0.000000 2896.963867 0.000000 0.000000 0.000000 1.000000 1.000000 1.000000 1.000000
7749.055664 0.000000 2896.044678 0.000000 0.000000 0.000000 1.000000 1.000000 1.000000 1.000000
"}
object={
	name="env_geyser_small_obj"
	clamp_to_water_level=no
	render_under_water=yes
	generated_content=no
	layer="environmental_effects"
	entity="env_geyser_small"
	count=2
	transform="7751.267578 0.000000 2894.211426 0.000000 0.000000 0.000000 1.000000 1.000000 1.000000 1.000000
7749.095215 0.000000 2895.119385 0.000000 0.000000 0.000000 1.000000 1.000000 1.000000 1.000000
"}
object={
	name="env_godrays"
	clamp_to_water_level=no
	render_under_water=no
	generated_content=no
	layer="environmental_effects"
	entity="env_god_rays"
	count=25
	transform="7212.588379 36.101562 2371.140625 0.000000 0.000000 0.000000 1.000000 1.000000 1.000000 1.000000
4959.541504 36.101562 2964.625000 0.000000 0.000000 0.000000 1.000000 1.000000 1.000000 1.000000
5415.612793 36.101562 3063.314941 0.000000 0.000000 0.000000 1.000000 1.198462 1.198462 1.198462
5489.316895 36.101562 3338.544922 0.000000 -0.040446 0.000000 -0.999182 1.385336 1.385336 1.385336
4691.146973 43.478271 1504.029785 0.000000 -0.160617 0.000000 0.987017 1.000000 1.000000 1.000000
4415.154785 43.478271 1535.136230 0.000000 -0.160617 0.000000 0.987017 1.000000 1.000000 1.000000
4563.385742 43.478271 1499.405518 0.000000 0.000000 0.000000 1.000000 1.000000 1.000000 1.000000
6833.597656 36.101562 2058.996094 0.000000 0.000000 0.000000 1.000000 0.702075 0.702075 0.702075
6823.917969 36.101562 2268.713867 0.000000 -0.264220 0.000000 0.964462 1.000000 1.000000 1.000000
6515.144531 36.101562 2174.102539 0.000000 0.670123 0.000000 0.742250 1.000000 1.000000 1.000000
4545.772461 36.101562 2695.238281 0.000000 0.000000 0.000000 1.000000 1.000000 1.000000 1.000000
4893.861816 36.101562 2263.521973 0.000000 0.000000 0.000000 1.000000 1.000000 1.000000 1.000000
4887.961914 36.101562 2413.690918 0.000000 0.000000 0.000000 1.000000 1.000000 1.000000 1.000000
4744.227051 36.101562 2504.487305 0.000000 -0.132180 0.000000 0.991226 1.000000 1.000000 1.000000
7413.534180 36.101562 485.704956 0.000000 0.047163 0.000000 0.998887 1.000000 1.000000 1.000000
7422.235840 36.101562 656.179382 0.000000 0.000000 0.000000 1.000000 1.000000 1.000000 1.000000
7146.366699 36.101562 950.173767 0.000000 -0.119889 0.000000 0.992787 1.000000 1.000000 1.000000
7705.825684 36.101562 2996.692871 0.000000 0.000000 0.000000 1.000000 1.000000 1.000000 1.000000
7659.029297 36.101562 2939.038086 0.000000 0.000000 0.000000 1.000000 1.000000 1.000000 1.000000
3673.395020 36.101562 3253.061035 0.000000 0.000000 0.000000 1.000000 1.000000 1.000000 1.000000
4317.284668 73.942871 2682.843262 0.000000 0.000000 0.000000 1.000000 1.000000 1.000000 1.000000
4324.505859 10.386475 2613.339600 0.000000 0.000000 0.000000 1.000000 1.000000 1.000000 1.000000
2612.171387 50.096558 1282.889893 0.000000 0.000000 0.000000 1.000000 1.000000 1.000000 1.000000
2850.032715 114.641602 1008.303284 0.000000 0.000000 0.000000 1.000000 1.000000 1.000000 1.000000
2944.644531 61.372070 1515.425537 0.000000 0.000000 0.000000 1.000000 1.000000 1.000000 1.000000
"}
object={
	name="env_jungle_mist_l"
	clamp_to_water_level=no
	render_under_water=no
	generated_content=no
	layer="environmental_effects"
	entity="env_jungle_mist_l"
	count=28
	transform="4559.360352 -0.348877 1598.071899 0.000000 0.001343 0.000000 0.999999 1.131339 1.131339 1.131339
4621.517578 0.000000 1594.953735 0.000000 0.000000 0.000000 1.000000 0.739014 0.739014 0.739014
4700.870605 0.000000 1513.968628 0.000000 0.000000 0.000000 1.000000 1.000000 1.000000 1.000000
6129.888184 0.000000 2068.680420 0.000000 0.000000 0.000000 1.000000 1.000000 1.000000 1.000000
6178.829102 0.000000 2081.777588 0.000000 0.000000 0.000000 1.000000 1.000000 1.000000 1.000000
2602.037354 0.000000 1336.354736 0.000000 0.000000 0.000000 1.000000 1.000000 1.000000 1.000000
2518.944580 0.000000 1489.696167 0.000000 0.000000 0.000000 1.000000 1.000000 1.000000 1.000000
2492.513184 0.000000 1241.043579 0.000000 0.000000 0.000000 1.000000 1.000000 1.000000 1.000000
2874.723145 0.000000 1425.910522 0.000000 0.000000 0.000000 1.000000 1.000000 1.000000 1.000000
2759.059570 0.000000 1476.220581 0.000000 0.000000 0.000000 1.000000 1.000000 1.000000 1.000000
5214.020996 0.000000 1190.097046 0.000000 0.952779 0.000000 -0.303665 1.000000 1.000000 1.000000
4467.546387 0.000000 1437.435547 0.000000 0.000000 0.000000 1.000000 1.000000 1.000000 1.000000
4579.901367 0.000000 1335.249512 0.000000 0.000000 0.000000 1.000000 1.000000 1.000000 1.000000
4439.595215 0.000000 1590.872314 0.000000 0.000000 0.000000 1.000000 1.000000 1.000000 1.000000
4695.315918 22.521606 1414.638672 0.000000 0.000000 0.000000 1.000000 1.000000 1.000000 1.000000
4370.578125 0.000000 1456.705933 0.000000 0.000000 0.000000 1.000000 1.000000 1.000000 1.000000
4568.470703 0.000000 1236.622192 0.000000 0.000000 0.000000 1.000000 1.000000 1.000000 1.000000
2783.389160 0.000000 1258.991089 0.000000 0.000000 0.000000 1.000000 1.000000 1.000000 1.000000
2691.849609 0.000000 1092.019043 0.000000 0.000000 0.000000 1.000000 1.000000 1.000000 1.000000
2922.479736 0.000000 1081.849976 0.000000 0.000000 0.000000 1.000000 1.000000 1.000000 1.000000
2691.131592 0.000000 909.103394 0.000000 0.000000 0.000000 1.000000 1.000000 1.000000 1.000000
2810.447998 0.000000 991.809204 0.000000 0.000000 0.000000 1.000000 1.000000 1.000000 1.000000
2698.770996 0.000000 653.349548 0.000000 0.000000 0.000000 1.000000 1.000000 1.000000 1.000000
3068.885742 0.000000 1123.683960 0.000000 0.000000 0.000000 1.000000 1.000000 1.000000 1.000000
3092.964600 0.000000 1299.057373 0.000000 0.000000 0.000000 1.000000 1.000000 1.000000 1.000000
2934.319824 0.000000 918.939209 0.000000 0.000000 0.000000 1.000000 1.000000 1.000000 1.000000
2950.949219 0.000000 1306.092529 0.000000 0.000000 0.000000 1.000000 1.000000 1.000000 1.000000
2744.974609 0.000000 1592.594360 0.000000 0.000000 0.000000 1.000000 1.000000 1.000000 1.000000
"}
object={
	name="env_jungle_mist_s"
	clamp_to_water_level=no
	render_under_water=no
	generated_content=no
	layer="environmental_effects"
	entity="env_jungle_mist_s"
	count=36
	transform="7005.363770 0.000000 2423.558105 0.000000 0.000000 0.000000 1.000000 1.000000 1.000000 1.000000
5894.724609 0.000000 2221.633545 0.000000 0.000000 0.000000 1.000000 1.000000 1.000000 1.000000
4533.891602 1.031250 1501.681396 0.000000 0.000000 0.000000 1.000000 0.674097 0.674097 0.674097
4611.402344 -0.071411 1471.852173 0.000000 0.012573 0.000000 0.999921 0.743481 0.743481 0.743481
4576.841309 -0.349487 1507.020020 0.000000 0.000000 0.000000 1.000000 1.000000 1.000000 1.000000
4551.421387 0.250122 1502.154907 0.000000 0.000000 0.000000 1.000000 1.000000 1.000000 1.000000
4570.572754 -0.177002 1468.452026 0.000000 0.000000 0.000000 1.000000 1.000000 1.000000 1.000000
4659.207031 0.000000 1459.166016 0.000000 0.000000 0.000000 1.000000 0.855676 0.855676 0.855676
4600.405762 -0.379272 1508.512451 0.000000 0.000000 0.000000 1.000000 1.000000 1.000000 1.000000
4731.995117 -0.354492 1467.800171 0.000000 0.000000 0.000000 1.000000 1.000000 1.000000 1.000000
4699.950195 0.000000 1471.837158 0.000000 0.000000 0.000000 1.000000 1.000000 1.000000 1.000000
4617.055664 -0.418945 1441.680298 0.000000 0.000000 0.000000 1.000000 1.000000 1.000000 1.000000
4367.455078 0.000000 1554.766846 0.000000 -0.011719 0.000000 0.999931 0.683423 0.683423 0.683423
4398.523926 0.000000 1506.057983 0.000000 -0.011719 0.000000 0.999931 0.683423 0.683423 0.683423
4455.486816 0.000000 1525.198120 0.000000 -0.011719 0.000000 0.999931 0.683423 0.683423 0.683423
4465.151855 0.000000 1500.855347 0.000000 -0.011719 0.000000 0.999931 0.683423 0.683423 0.683423
4501.559570 0.000000 1417.452759 0.000000 -0.011719 0.000000 0.999931 1.000000 1.000000 1.000000
4524.729004 0.000000 1416.641968 0.000000 -0.011719 0.000000 0.999931 1.000000 1.000000 1.000000
4535.196777 0.000000 1462.874146 0.000000 -0.011719 0.000000 0.999931 0.726196 0.726196 0.726196
4706.275391 0.000000 1569.150513 0.000000 -0.024778 0.000000 0.999693 0.735632 0.735632 0.735632
4663.654785 0.000000 1620.580933 0.000000 -0.024778 0.000000 0.999693 0.735632 0.735632 0.735632
4656.368652 0.000000 1588.995361 0.000000 -0.024778 0.000000 0.999693 0.735632 0.735632 0.735632
4707.828125 -0.354004 1540.228271 0.000000 0.000000 0.000000 1.000000 1.000000 1.000000 1.000000
2439.479004 0.000000 1442.520752 0.000000 0.000000 0.000000 1.000000 1.000000 1.000000 1.000000
2420.261963 0.707886 1240.245972 0.000000 -0.748579 0.000000 0.663045 0.568262 0.568262 0.568262
2423.645996 1.305908 1222.562500 0.000000 -0.748579 0.000000 0.663045 0.568262 0.568262 0.568262
4345.853516 0.000000 1640.717163 0.000000 0.000000 0.000000 1.000000 1.000000 1.000000 1.000000
4673.229004 0.000000 1300.504639 0.000000 0.000000 0.000000 1.000000 1.000000 1.000000 1.000000
4698.462891 0.000000 1331.420166 0.000000 0.000000 0.000000 1.000000 1.000000 1.000000 1.000000
4812.497070 0.000000 1498.724243 0.000000 0.000000 0.000000 1.000000 1.000000 1.000000 1.000000
4830.009766 0.000000 1570.201660 0.000000 0.000000 0.000000 1.000000 1.000000 1.000000 1.000000
4783.231934 0.000000 1584.250732 0.000000 0.000000 0.000000 1.000000 1.000000 1.000000 1.000000
4434.821289 0.000000 1697.790649 0.000000 0.000000 0.000000 1.000000 1.000000 1.000000 1.000000
4522.982422 0.000000 1376.918213 0.000000 0.000000 0.000000 1.000000 1.000000 1.000000 1.000000
4722.829102 0.000000 1662.917969 0.000000 0.000000 0.000000 1.000000 1.000000 1.000000 1.000000
4769.933594 0.000000 1639.765991 0.000000 0.000000 0.000000 1.000000 1.000000 1.000000 1.000000
"}
object={
	name="env_rolling_clouds"
	clamp_to_water_level=yes
	render_under_water=no
	generated_content=no
	layer="environmental_effects"
	entity="env_mist"
	count=93
	transform="4147.917480 0.000000 2815.746582 0.000000 -0.170128 0.000000 0.985422 1.000000 1.000000 1.000000
3975.837646 0.000000 2816.858398 0.000000 -0.119041 0.000000 0.992889 1.000000 1.000000 1.000000
4137.560059 16.439697 3487.953125 0.000000 0.255211 0.000000 -0.966885 8.920312 8.920312 8.920312
3625.876953 16.439697 2519.904785 0.000000 0.221901 0.000000 -0.975069 13.175723 13.175723 13.175723
2481.546387 -0.815186 2599.844727 0.000000 -0.369167 0.000000 0.929363 0.382324 0.382324 0.382324
4097.882324 0.000000 2543.506348 0.000000 0.309993 0.000000 0.950739 1.000000 1.000000 1.000000
7028.332031 0.000000 2517.535889 0.000000 0.000000 0.000000 1.000000 1.000000 1.000000 1.000000
7249.182617 0.000000 2696.635986 0.000000 0.051369 0.000000 0.998680 1.000000 1.000000 1.000000
7165.928711 0.000000 2820.026611 0.000000 0.000000 0.000000 1.000000 1.000000 1.000000 1.000000
6884.402344 0.000000 2775.984131 0.000000 0.000000 0.000000 1.000000 1.000000 1.000000 1.000000
4485.727539 0.000000 3278.814209 0.000000 0.243422 0.000000 0.969920 1.000000 1.000000 1.000000
4445.968262 0.000000 3230.801514 0.000000 0.294575 0.000000 0.955628 1.000000 1.000000 1.000000
4418.978027 0.000000 3202.593262 0.000000 0.421187 0.000000 0.906974 1.000000 1.000000 1.000000
4373.213867 0.000000 3126.572021 0.000000 0.421187 0.000000 0.906974 1.000000 1.000000 1.000000
4389.610352 0.000000 3152.585693 0.000000 0.421187 0.000000 0.906974 1.000000 1.000000 1.000000
7172.824219 0.000000 2336.768066 0.000000 0.138047 0.000000 0.990426 1.000000 1.000000 1.000000
4690.291504 0.000000 3023.426025 0.000000 0.079993 0.000000 0.996795 1.000000 1.000000 1.000000
4774.197266 0.000000 3074.760986 0.000000 0.129276 0.000000 0.991609 1.000000 1.000000 1.000000
4907.736328 0.000000 2937.169189 0.000000 0.010498 0.000000 0.999945 1.000000 1.000000 1.000000
4920.313477 0.000000 3110.513184 0.000000 0.001648 0.000000 0.999999 1.000000 1.000000 1.000000
4774.696289 0.000000 2811.338867 0.000000 0.018004 0.000000 0.999838 1.000000 1.000000 1.000000
4940.626953 0.000000 2740.591797 0.000000 0.028256 0.000000 0.999601 1.000000 1.000000 1.000000
5448.007324 0.000000 3161.930420 0.000000 0.000000 0.000000 1.000000 1.000000 1.000000 1.000000
5540.881836 0.000000 3331.289062 0.000000 0.000000 0.000000 1.000000 1.000000 1.000000 1.000000
5488.712891 0.000000 3253.768311 0.000000 0.000000 0.000000 1.000000 1.000000 1.000000 1.000000
5446.403809 0.000000 2987.671875 0.000000 0.000000 0.000000 1.000000 1.000000 1.000000 1.000000
5463.937012 0.000000 3215.892090 0.000000 0.000000 0.000000 1.000000 1.000000 1.000000 1.000000
6755.994629 0.000000 2136.803711 0.000000 0.000000 0.000000 1.000000 1.502783 1.502783 1.502783
6794.608398 0.000000 2186.058105 0.000000 0.000000 0.000000 1.000000 1.093262 1.093262 1.093262
6855.672363 0.000000 2190.056396 0.000000 0.000000 0.000000 1.000000 1.000000 1.000000 1.000000
6820.650879 0.000000 2157.798340 0.000000 0.000000 0.000000 1.000000 1.000000 1.000000 1.000000
6808.503906 0.000000 2118.134766 0.000000 0.000000 0.000000 1.000000 1.000000 1.000000 1.000000
6654.564941 0.000000 2079.226074 0.000000 0.000000 0.000000 1.000000 1.000000 1.000000 1.000000
6631.137695 0.000000 2096.805420 0.000000 0.000000 0.000000 1.000000 1.000000 1.000000 1.000000
6487.443359 0.000000 2111.277344 0.000000 0.000000 0.000000 1.000000 1.000000 1.000000 1.000000
6541.173340 0.000000 2097.138184 0.000000 0.000000 0.000000 1.000000 1.000000 1.000000 1.000000
6546.203125 0.000000 2171.901123 0.000000 0.000000 0.000000 1.000000 1.386572 1.386572 1.386572
6519.114746 0.000000 2116.508789 0.000000 0.000000 0.000000 1.000000 1.000000 1.000000 1.000000
6108.116699 0.000000 2025.797607 0.000000 0.000000 0.000000 1.000000 1.000000 1.000000 1.000000
5723.852539 0.000000 2217.981934 0.000000 0.000000 0.000000 1.000000 1.000000 1.000000 1.000000
5803.422852 0.000000 2249.197754 0.000000 0.000000 0.000000 1.000000 1.000000 1.000000 1.000000
5958.178223 0.000000 1911.767822 0.000000 0.000000 0.000000 1.000000 1.000000 1.000000 1.000000
6084.574707 0.000000 2177.091309 0.000000 0.000000 0.000000 1.000000 1.000000 1.000000 1.000000
5932.258789 0.000000 2238.503174 0.000000 0.000000 0.000000 1.000000 1.000000 1.000000 1.000000
5806.539551 0.000000 2328.301514 0.000000 0.000000 0.000000 1.000000 1.000000 1.000000 1.000000
4657.539062 0.000000 2647.334473 0.000000 -0.336790 0.000000 0.941580 1.000000 1.000000 1.000000
4641.970703 0.000000 2781.744385 0.000000 0.000000 0.000000 1.000000 1.000000 1.000000 1.000000
4709.725586 0.000000 2845.362793 0.000000 0.000000 0.000000 1.000000 1.000000 1.000000 1.000000
4723.971680 0.000000 2738.825928 0.000000 0.000000 0.000000 1.000000 1.000000 1.000000 1.000000
4530.823242 0.000000 2641.409424 0.000000 0.000000 0.000000 1.000000 1.000000 1.000000 1.000000
4591.650391 0.000000 2699.494385 0.000000 0.000000 0.000000 1.000000 1.000000 1.000000 1.000000
6737.992188 0.000000 2318.199951 0.000000 0.000000 0.000000 1.000000 1.000000 1.000000 1.000000
6708.406250 0.000000 2407.022705 0.000000 0.000000 0.000000 1.000000 1.000000 1.000000 1.000000
6528.125488 0.000000 1816.218750 0.000000 0.000000 0.000000 1.000000 1.000000 1.000000 1.000000
6384.013184 0.000000 1876.068726 0.000000 0.000000 0.000000 1.000000 1.000000 1.000000 1.000000
6447.323242 0.000000 2015.064453 0.000000 0.000000 0.000000 1.000000 1.000000 1.000000 1.000000
6366.136230 0.000000 2075.225098 0.000000 0.000000 0.000000 1.000000 1.000000 1.000000 1.000000
6429.962891 0.000000 2116.571533 0.000000 0.000000 0.000000 1.000000 1.000000 1.000000 1.000000
6348.763672 0.000000 1983.864746 0.000000 0.000000 0.000000 1.000000 1.000000 1.000000 1.000000
6448.322266 0.000000 1943.602539 0.000000 0.000000 0.000000 1.000000 1.000000 1.000000 1.000000
2158.765381 -2.848877 2333.724609 0.000000 -0.338916 0.000000 0.940817 0.499683 0.499683 0.499683
2272.979492 -1.846191 2426.010254 0.000000 -0.380371 0.000000 0.924834 0.499683 0.499683 0.499683
2225.657227 -1.846191 2371.825439 0.000000 -0.380371 0.000000 0.924834 0.499683 0.499683 0.499683
6249.081543 0.000000 3290.576172 0.000000 0.000000 0.000000 1.000000 1.000000 1.000000 1.000000
6219.123535 0.000000 3318.760986 0.000000 0.000000 0.000000 1.000000 1.000000 1.000000 1.000000
6253.647461 0.000000 3368.272705 0.000000 0.000000 0.000000 1.000000 1.000000 1.000000 1.000000
6304.053711 0.000000 3411.076660 0.000000 0.000000 0.000000 1.000000 1.000000 1.000000 1.000000
6157.170410 0.000000 3423.779297 0.000000 0.000000 0.000000 1.000000 1.000000 1.000000 1.000000
6422.443848 0.000000 3456.861328 0.000000 0.000000 0.000000 1.000000 1.000000 1.000000 1.000000
6581.271973 0.000000 3484.733398 0.000000 0.000000 0.000000 1.000000 1.000000 1.000000 1.000000
6188.614746 0.000000 3256.963623 0.000000 0.000000 0.000000 1.000000 1.000000 1.000000 1.000000
6494.349609 0.000000 3331.664307 0.000000 0.000000 0.000000 1.000000 1.000000 1.000000 1.000000
6410.525391 0.000000 3267.639404 0.000000 0.000000 0.000000 1.000000 1.000000 1.000000 1.000000
6470.971191 0.000000 3123.104980 0.000000 0.000000 0.000000 1.000000 1.000000 1.000000 1.000000
6107.143066 0.000000 3386.753662 0.000000 0.000000 0.000000 1.000000 1.000000 1.000000 1.000000
4594.700684 0.000000 2451.692139 0.000000 -0.284878 0.000000 0.958564 1.000000 1.000000 1.000000
7747.973633 0.000000 2898.011475 0.000000 0.134600 0.000000 0.990900 0.328833 0.328833 0.328833
7670.849609 0.000000 2844.557617 0.000000 0.240301 0.000000 0.970699 0.679154 0.679154 0.679154
7668.101562 -0.550049 2888.913086 0.000000 -0.069220 0.000000 0.997602 0.679154 0.679154 0.679154
7694.385742 0.000000 2947.891357 0.000000 0.211226 0.000000 0.977437 0.679154 0.679154 0.679154
8094.823242 0.000000 571.353210 0.000000 0.000000 0.000000 1.000000 1.000000 1.000000 1.000000
3592.523438 0.000000 3281.455566 0.000000 0.000000 0.000000 1.000000 1.000000 1.000000 1.000000
3747.686768 0.000000 3279.634033 0.000000 0.000000 0.000000 1.000000 1.000000 1.000000 1.000000
7055.701172 1.510498 2990.507568 0.000000 0.142458 0.000000 0.989801 1.000000 1.000000 1.000000
7025.904785 0.000000 2933.981934 0.000000 0.966514 0.000000 0.256614 1.000000 1.000000 1.000000
7116.074219 0.000000 2904.795654 0.000000 0.000000 0.000000 1.000000 1.000000 1.000000 1.000000
7353.556641 14.718506 3187.514648 0.000000 0.996198 0.000000 -0.087113 1.000000 1.000000 1.000000
7589.744141 0.000000 3171.895020 0.000000 0.783949 0.000000 0.620826 1.000000 1.000000 1.000000
7065.234863 0.000000 3218.306152 0.000000 0.783949 0.000000 0.620826 1.000000 1.000000 1.000000
6842.146973 0.000000 3310.228516 0.000000 -0.404510 0.000000 0.914534 1.000000 1.000000 1.000000
6589.992676 -0.044434 2922.581299 0.000000 -0.587915 0.000000 0.808923 1.000000 1.000000 1.000000
6871.138184 0.000000 3152.913574 0.000000 0.000000 0.000000 1.000000 1.000000 1.000000 1.000000
6711.622070 0.000000 3226.118164 0.000000 0.000000 0.000000 1.000000 1.000000 1.000000 1.000000
"}
object={
	name="env_rolling_fog_mountain"
	clamp_to_water_level=no
	render_under_water=no
	generated_content=no
	layer="environmental_effects"
	entity="env_rolling_fog_mountain"
	count=82
	transform="4130.893066 0.000000 2543.982910 0.000000 -0.560174 0.000000 -0.828375 1.000000 1.000000 1.000000
4094.882568 0.000000 2544.978760 0.000000 0.405542 0.000000 0.914076 1.000000 1.000000 1.000000
7004.679688 0.000000 2365.784668 0.000000 0.000000 0.000000 1.000000 1.000000 1.000000 1.000000
6936.780273 0.000000 2512.394287 0.000000 0.000000 0.000000 1.000000 1.000000 1.000000 1.000000
7231.823242 0.000000 2662.712891 0.000000 0.000000 0.000000 1.000000 1.000000 1.000000 1.000000
7166.016113 0.000000 2589.823730 0.000000 0.000000 0.000000 1.000000 1.000000 1.000000 1.000000
7207.125977 0.000000 2638.207764 0.000000 0.000000 0.000000 1.000000 1.000000 1.000000 1.000000
7157.361328 0.000000 2758.244629 0.000000 0.000000 0.000000 1.000000 1.000000 1.000000 1.000000
6854.150879 0.000000 2715.670898 0.000000 0.000000 0.000000 1.000000 1.000000 1.000000 1.000000
6092.187012 0.000000 2175.530029 0.000000 0.000000 0.000000 1.000000 1.000000 1.000000 1.000000
6106.252441 0.000000 2183.584961 0.000000 0.000000 0.000000 1.000000 1.000000 1.000000 1.000000
6071.268555 0.000000 2179.411133 0.000000 0.000000 0.000000 1.000000 1.000000 1.000000 1.000000
5931.214844 0.000000 2204.081055 0.000000 0.000000 0.000000 1.000000 1.000000 1.000000 1.000000
5818.243164 0.000000 2322.687988 0.000000 0.000000 0.000000 1.000000 1.000000 1.000000 1.000000
4271.786133 0.000000 3077.779785 0.000000 0.000000 0.000000 1.000000 1.000000 1.000000 1.000000
4291.734863 0.000000 3114.748047 0.000000 0.000000 0.000000 1.000000 1.000000 1.000000 1.000000
4357.220703 0.000000 3162.276855 0.000000 0.000000 0.000000 1.000000 1.000000 1.000000 1.000000
4281.809570 0.000000 3072.459229 0.000000 0.000000 0.000000 1.000000 1.000000 1.000000 1.000000
4309.333008 0.000000 3105.771484 0.000000 0.239412 0.000000 0.970918 1.000000 1.000000 1.000000
4299.390625 0.000000 3137.650879 0.000000 0.036787 0.000000 -0.999323 1.000000 1.000000 1.000000
4318.966309 0.000000 3127.571045 0.000000 0.229622 0.000000 0.973280 1.000000 1.000000 1.000000
4335.732422 0.000000 3111.024902 0.000000 0.353859 0.000000 0.935299 1.000000 1.000000 1.000000
4345.468262 0.000000 3154.465820 0.000000 0.912400 0.000000 0.409301 1.000000 1.000000 1.000000
7132.869629 0.000000 2339.757812 0.000000 0.254671 0.000000 0.967028 1.000000 1.000000 1.000000
7247.701660 0.000000 2352.656250 0.000000 0.300112 0.000000 0.953904 1.000000 1.000000 1.000000
7280.951172 0.000000 2400.814941 0.000000 0.000000 0.000000 1.000000 1.000000 1.000000 1.000000
7084.413086 0.000000 2291.174316 0.000000 0.352318 0.000000 0.935880 1.000000 1.000000 1.000000
7352.341309 0.000000 2568.981934 0.000000 0.454438 0.000000 0.890779 1.000000 1.000000 1.000000
4861.419434 0.000000 2618.773926 0.000000 0.000000 0.000000 1.000000 1.000000 1.000000 1.000000
4781.962891 0.000000 2674.981689 0.000000 0.000000 0.000000 1.000000 1.000000 1.000000 1.000000
4814.560059 0.000000 2753.901855 0.000000 0.020995 0.000000 0.999780 1.000000 1.000000 1.000000
4725.686035 0.000000 2938.920166 0.000000 0.000000 0.000000 1.000000 1.000000 1.000000 1.000000
4783.918457 0.000000 3007.186035 0.000000 0.055879 0.000000 0.998438 1.000000 1.000000 1.000000
4896.994141 0.000000 2863.113037 0.000000 0.118374 0.000000 0.992969 1.000000 1.000000 1.000000
4615.045410 0.000000 2972.812012 0.000000 0.148557 0.000000 0.988904 1.399341 1.399341 1.399341
5447.580078 9.198975 3220.442383 0.000000 0.000000 0.000000 1.000000 1.000000 1.000000 1.000000
5441.585449 0.000000 3111.774658 0.000000 0.000000 0.000000 1.000000 1.000000 1.000000 1.000000
5434.979004 0.000000 2941.432129 0.000000 0.000000 0.000000 1.000000 1.000000 1.000000 1.000000
4756.195312 -0.862061 1494.973145 0.000000 0.963127 0.000000 -0.269048 1.022888 1.022888 1.022888
4760.571289 -0.862061 1507.018555 0.000000 0.963127 0.000000 -0.269048 1.022888 1.022888 1.022888
6850.764648 0.000000 2053.446289 0.000000 0.000000 0.000000 1.000000 1.000000 1.000000 1.000000
6850.034180 0.000000 2068.049316 0.000000 0.000000 0.000000 1.000000 1.000000 1.000000 1.000000
6034.563965 0.000000 2193.612793 0.000000 0.000000 0.000000 1.000000 1.000000 1.000000 1.000000
6089.606445 0.000000 2170.242920 0.000000 0.000000 0.000000 1.000000 1.000000 1.000000 1.000000
6096.912598 0.000000 2178.241455 0.000000 0.000000 0.000000 1.000000 1.000000 1.000000 1.000000
6160.047852 0.000000 2179.136230 0.000000 0.000000 0.000000 1.000000 1.000000 1.000000 1.000000
6242.129883 0.000000 2183.760742 0.000000 0.000000 0.000000 1.000000 1.000000 1.000000 1.000000
6053.844238 0.000000 2181.575684 0.000000 0.000000 0.000000 1.000000 1.000000 1.000000 1.000000
6007.869629 0.000000 2185.301025 0.000000 0.000000 0.000000 1.000000 1.000000 1.000000 1.000000
4663.066895 0.000000 2694.485352 0.000000 0.000000 0.000000 1.000000 1.000000 1.000000 1.000000
4649.916016 0.000000 2705.169922 0.000000 0.000000 0.000000 1.000000 1.000000 1.000000 1.000000
4615.949219 0.000000 2721.342529 0.000000 0.000000 0.000000 1.000000 1.000000 1.000000 1.000000
4717.309082 0.000000 2553.881836 0.000000 0.000000 0.000000 1.000000 1.000000 1.000000 1.000000
4613.021973 0.000000 2545.481201 0.000000 0.000000 0.000000 1.000000 1.000000 1.000000 1.000000
6563.182129 0.000000 1792.996094 0.000000 0.000000 0.000000 1.000000 1.000000 1.000000 1.000000
6572.797363 0.000000 1819.035400 0.000000 0.000000 0.000000 1.000000 1.000000 1.000000 1.000000
6424.935059 0.000000 1808.958618 0.000000 0.000000 0.000000 1.000000 1.000000 1.000000 1.000000
6358.106934 0.000000 1809.627319 0.000000 0.000000 0.000000 1.000000 1.000000 1.000000 1.000000
6347.216309 0.000000 1867.722900 0.000000 0.000000 0.000000 1.000000 1.000000 1.000000 1.000000
6257.428711 0.000000 3189.232178 0.000000 0.000000 0.000000 1.000000 1.000000 1.000000 1.000000
7435.240234 0.000000 481.845917 0.000000 0.000000 0.000000 1.000000 1.000000 1.000000 1.000000
7447.254395 0.000000 495.425507 0.000000 0.000000 0.000000 1.000000 1.000000 1.000000 1.000000
7917.875000 0.000000 3185.179688 0.000000 -0.264573 0.000000 0.964366 1.000000 1.000000 1.000000
7878.875000 0.000000 3167.999756 0.000000 -0.264573 0.000000 0.964366 1.000000 1.000000 1.000000
7753.823730 -0.385010 3118.578125 0.000000 -0.264573 0.000000 0.964366 1.000000 1.000000 1.000000
7857.558105 0.000000 3166.294434 0.000000 -0.264573 0.000000 0.964366 1.000000 1.000000 1.000000
7888.959473 0.000000 3105.265137 0.000000 0.191258 0.000000 0.981540 1.000000 1.000000 1.000000
7743.098633 0.250000 2938.726807 0.000000 0.191258 0.000000 0.981540 1.000000 1.000000 1.000000
7726.583008 0.000000 2981.979004 0.000000 0.191258 0.000000 0.981540 1.000000 1.000000 1.000000
7705.416992 -0.348389 2964.512695 0.000000 0.191258 0.000000 0.981540 1.000000 1.000000 1.000000
7741.154297 0.000000 2954.040527 0.000000 0.191258 0.000000 0.981540 1.000000 1.000000 1.000000
7678.201660 0.000000 2910.858398 0.000000 0.000000 0.000000 1.000000 1.000000 1.000000 1.000000
7944.471191 0.000000 420.755768 0.000000 0.000000 0.000000 1.000000 1.000000 1.000000 1.000000
7985.040039 0.000000 450.294891 0.000000 0.000000 0.000000 1.000000 1.000000 1.000000 1.000000
8024.977539 0.000000 486.629639 0.000000 0.000000 0.000000 1.000000 1.000000 1.000000 1.000000
5157.218750 -3.174805 1048.959717 0.000000 -0.643947 0.000000 0.765070 2.894067 2.894067 2.894067
5126.988281 0.000000 994.320435 0.000000 0.000000 0.000000 1.000000 1.613141 1.613141 1.613141
3635.875977 0.000000 3235.594238 0.000000 0.000000 0.000000 1.000000 1.000000 1.000000 1.000000
3669.415527 0.000000 3243.650879 0.000000 0.000000 0.000000 1.000000 1.000000 1.000000 1.000000
7251.702148 21.839844 3091.168457 0.000000 0.969275 0.000000 0.245980 1.000000 1.000000 1.000000
7295.747559 51.668457 3099.859619 0.000000 0.353288 0.000000 0.935515 1.000000 1.000000 1.000000
7352.303223 53.610107 3101.283936 0.000000 0.191258 0.000000 0.981540 1.000000 1.000000 1.000000
"}
object={
	name="env_rough_water"
	clamp_to_water_level=yes
	render_under_water=yes
	generated_content=no
	layer="environmental_effects"
	entity="env_rough_water"
	count=3
	transform="4225.295898 0.000000 3422.607910 0.000000 -0.941496 0.000000 -0.337024 1.000000 1.000000 1.000000
4128.375000 0.000000 3247.946777 0.000000 0.000000 0.000000 1.000000 1.000000 1.000000 1.000000
3459.900879 0.000000 3356.586182 0.000000 0.000000 0.000000 1.000000 1.987500 1.987500 1.987500
"}
object={
	name="env_sand_dunes"
	clamp_to_water_level=no
	render_under_water=no
	generated_content=no
	layer="environmental_effects"
	entity="env_sand_dunes"
	count=12
	transform="5147.385742 0.000000 2031.491089 0.000000 0.362123 0.000000 0.932130 1.000000 1.000000 1.000000
5037.049805 0.000000 2128.727539 0.000000 0.013235 0.000000 -0.999913 1.000000 1.000000 1.000000
5060.893066 0.000000 2136.545166 0.000000 0.064896 0.000000 0.997892 1.000000 1.000000 1.000000
6072.125977 0.000000 2620.166016 0.000000 0.000000 0.000000 1.000000 1.000000 1.000000 1.000000
6538.808105 0.000000 2553.589844 0.000000 0.000000 0.000000 1.000000 1.000000 1.000000 1.000000
5492.031738 0.000000 2223.968018 0.000000 0.000000 0.000000 1.000000 1.000000 1.000000 1.000000
6898.021484 0.000000 879.526611 0.000000 0.000000 0.000000 1.000000 1.000000 1.000000 1.000000
6989.777344 0.000000 955.732117 0.000000 0.000000 0.000000 1.000000 1.000000 1.000000 1.000000
7071.803223 0.000000 1005.611023 0.000000 0.000000 0.000000 1.000000 1.000000 1.000000 1.000000
7399.851074 0.000000 996.229797 0.000000 0.000000 0.000000 1.000000 1.000000 1.000000 1.000000
6241.652344 0.000000 2704.751709 0.000000 0.000000 0.000000 1.000000 1.000000 1.000000 1.000000
5114.774414 -0.023621 942.891968 0.000000 -0.230216 0.000000 0.973139 1.701331 1.701331 1.701331
"}
object={
	name="env_sand_dunes_l"
	clamp_to_water_level=no
	render_under_water=no
	generated_content=no
	layer="environmental_effects"
	entity="env_sand_dunes_l"
	count=4
	transform="5161.303223 0.000000 2063.757324 0.000000 0.290723 0.000000 0.956807 1.000000 1.000000 1.000000
5432.937012 0.000000 2240.034424 0.000000 0.000000 0.000000 1.000000 1.000000 1.000000 1.000000
3934.856934 0.000000 1980.211304 0.000000 0.000000 0.000000 1.000000 1.000000 1.000000 1.000000
4359.882324 0.000000 1963.729980 0.000000 0.000000 0.000000 1.000000 1.000000 1.000000 1.000000
"}
object={
	name="env_sandstorm_obj"
	clamp_to_water_level=no
	render_under_water=no
	generated_content=no
	layer="environmental_effects"
	entity="env_sandstorm"
	count=41
	transform="5199.023926 6.255249 1991.980347 0.000000 0.315732 0.000000 0.948848 1.000000 1.000000 1.000000
5188.890137 6.255249 2045.004639 0.000000 0.453676 0.000000 0.891167 1.000000 1.000000 1.000000
5264.472168 6.255249 1948.307007 0.000000 -0.163568 0.000000 0.986532 1.000000 1.000000 1.000000
5183.923340 11.234863 1931.920288 0.000000 0.017028 0.000000 0.999855 1.000000 1.000000 1.000000
5313.850586 6.255249 1989.896851 0.000000 -0.736334 0.000000 0.676618 1.000000 1.000000 1.000000
5962.598633 6.255249 2447.491699 0.000000 -0.113282 0.000000 0.993563 1.649508 1.649508 1.649508
6387.024902 6.255249 2528.311768 0.000000 0.000000 0.000000 1.000000 1.814014 1.814014 1.814014
7110.224609 6.255249 834.829163 0.000000 0.000000 0.000000 1.000000 1.000000 1.000000 1.000000
7187.642090 6.255249 1066.057007 0.000000 0.000000 0.000000 1.000000 1.000000 1.000000 1.000000
7010.943359 6.255249 943.146912 0.000000 0.000000 0.000000 1.000000 1.000000 1.000000 1.000000
5081.709961 13.592407 2151.354492 0.000000 0.000000 0.000000 1.000000 1.000000 1.000000 1.000000
4457.563477 2.724854 1950.067261 0.000000 0.000000 0.000000 1.000000 1.000000 1.000000 1.000000
4197.740723 0.000000 1947.413818 0.000000 0.000000 0.000000 1.000000 1.000000 1.000000 1.000000
4170.919434 0.000000 2005.377686 0.000000 -0.234253 0.000000 0.972176 1.000000 1.000000 1.000000
4536.530762 9.938599 1882.075073 0.000000 0.000000 0.000000 1.000000 1.000000 1.000000 1.000000
4063.903809 0.000000 2058.131104 0.000000 0.000000 0.000000 1.000000 1.000000 1.000000 1.000000
4534.278320 0.000000 2081.297607 0.000000 0.000000 0.000000 1.000000 1.000000 1.000000 1.000000
4482.622070 0.000000 2162.553467 0.000000 0.000000 0.000000 1.000000 1.000000 1.000000 1.000000
4655.394531 0.000000 2104.293701 0.000000 0.000000 0.000000 1.000000 1.000000 1.000000 1.000000
4744.658203 0.000000 1966.170532 0.000000 0.000000 0.000000 1.000000 1.000000 1.000000 1.000000
3954.873779 0.000000 1928.178223 0.000000 0.000000 0.000000 1.000000 1.000000 1.000000 1.000000
3901.504395 0.000000 2040.349731 0.000000 0.000000 0.000000 1.000000 1.000000 1.000000 1.000000
4047.274658 18.039307 2156.264160 0.000000 0.000000 0.000000 1.000000 1.000000 1.000000 1.000000
4307.868164 0.000000 1855.241333 0.000000 0.000000 0.000000 1.000000 1.000000 1.000000 1.000000
4376.748047 0.000000 2136.800537 0.000000 0.000000 0.000000 1.000000 1.000000 1.000000 1.000000
4735.661621 0.000000 1826.110718 0.000000 0.000000 0.000000 1.000000 1.000000 1.000000 1.000000
4591.165039 0.000000 2163.538574 0.000000 0.000000 0.000000 1.000000 1.000000 1.000000 1.000000
5002.414062 0.000000 2250.605469 0.000000 0.000000 0.000000 1.000000 1.000000 1.000000 1.000000
4237.242676 0.000000 2171.262451 0.000000 0.000000 0.000000 1.000000 1.000000 1.000000 1.000000
5081.014160 0.000000 1662.127441 0.000000 0.000000 0.000000 1.000000 1.000000 1.000000 1.000000
5168.106934 0.000000 1683.591064 0.000000 0.000000 0.000000 1.000000 1.000000 1.000000 1.000000
5016.378906 0.000000 1780.796631 0.000000 0.000000 0.000000 1.000000 1.000000 1.000000 1.000000
4984.775391 0.000000 1542.581055 0.000000 0.000000 0.000000 1.000000 1.000000 1.000000 1.000000
4997.285645 0.000000 2334.903320 0.000000 0.000000 0.000000 1.000000 1.000000 1.000000 1.000000
5377.169922 0.000000 2475.968262 0.000000 0.000000 0.000000 1.000000 1.000000 1.000000 1.000000
5473.039062 0.000000 2436.062256 0.000000 0.000000 0.000000 1.000000 1.000000 1.000000 1.000000
5554.532715 0.000000 2505.201904 0.000000 0.000000 0.000000 1.000000 1.000000 1.000000 1.000000
6062.451660 0.000000 2445.084961 0.000000 0.000000 0.000000 1.000000 1.000000 1.000000 1.000000
6057.242188 0.000000 2609.662354 0.000000 0.000000 0.000000 1.000000 1.000000 1.000000 1.000000
6383.613281 0.000000 2463.144531 0.000000 0.000000 0.000000 1.000000 1.000000 1.000000 1.000000
6595.378906 0.000000 2543.002441 0.000000 0.000000 0.000000 1.000000 1.000000 1.000000 1.000000
"}
object={
	name="env_snow_01_obj"
	clamp_to_water_level=no
	render_under_water=yes
	generated_content=no
	layer="environmental_effects"
	entity="env_snow_01"
	count=25
	transform="2962.049561 0.000000 3201.490234 0.000000 0.000000 0.000000 1.000000 1.000000 1.000000 1.000000
3040.119385 0.000000 3251.344971 0.000000 0.000000 0.000000 1.000000 1.000000 1.000000 1.000000
3124.908936 0.000000 3222.361816 0.000000 0.000000 0.000000 1.000000 1.000000 1.000000 1.000000
3185.304688 0.000000 3380.306885 0.000000 0.000000 0.000000 1.000000 1.000000 1.000000 1.000000
3030.522949 0.000000 3394.701904 0.000000 0.000000 0.000000 1.000000 1.000000 1.000000 1.000000
2943.458984 0.000000 3483.939209 0.000000 0.000000 0.000000 1.000000 1.000000 1.000000 1.000000
2953.666016 0.000000 3352.481445 0.000000 0.000000 0.000000 1.000000 1.000000 1.000000 1.000000
3329.269775 0.000000 3380.283447 0.000000 0.000000 0.000000 1.000000 1.000000 1.000000 1.000000
3385.938965 0.000000 3517.861084 0.000000 0.000000 0.000000 1.000000 1.000000 1.000000 1.000000
3207.635986 0.000000 3502.326660 0.000000 0.000000 0.000000 1.000000 1.000000 1.000000 1.000000
2971.972900 0.000000 3242.636475 0.000000 0.000000 0.000000 1.000000 1.000000 1.000000 1.000000
3004.059570 0.000000 3253.427490 0.000000 0.000000 0.000000 1.000000 1.000000 1.000000 1.000000
2932.578369 0.000000 3500.491699 0.000000 0.000000 0.000000 1.000000 1.000000 1.000000 1.000000
2894.427490 0.000000 3532.921143 0.000000 0.000000 0.000000 1.000000 1.000000 1.000000 1.000000
2864.082764 0.000000 3542.900879 0.000000 0.000000 0.000000 1.000000 1.000000 1.000000 1.000000
3036.022705 0.000000 3500.704834 0.000000 0.000000 0.000000 1.000000 1.000000 1.000000 1.000000
3190.653320 0.000000 3436.310791 0.000000 0.000000 0.000000 1.000000 1.000000 1.000000 1.000000
3216.307129 0.000000 3521.610596 0.000000 0.000000 0.000000 1.000000 1.000000 1.000000 1.000000
3418.490479 0.000000 3472.526367 0.000000 0.000000 0.000000 1.000000 1.000000 1.000000 1.000000
3294.177002 0.000000 3349.602783 0.000000 0.000000 0.000000 1.000000 1.000000 1.000000 1.000000
2052.505371 0.000000 3258.436035 0.000000 0.000000 0.000000 1.000000 1.000000 1.000000 1.000000
1496.735474 0.000000 3496.731934 0.000000 0.000000 0.000000 1.000000 1.000000 1.000000 1.000000
1266.118652 0.000000 3545.260742 0.000000 0.000000 0.000000 1.000000 1.000000 1.000000 1.000000
1517.968262 0.000000 3416.603027 0.000000 0.000000 0.000000 1.000000 1.000000 1.000000 1.000000
1711.396606 0.000000 3406.572998 0.000000 0.000000 0.000000 1.000000 1.000000 1.000000 1.000000
"}
object={
	name="env_snow_02_obj"
	clamp_to_water_level=no
	render_under_water=yes
	generated_content=no
	layer="environmental_effects"
	entity="env_snow_02"
	count=20
	transform="2948.808105 33.760986 3376.807861 0.000000 0.000000 0.000000 1.000000 1.000000 1.000000 1.000000
2989.166016 33.760986 3156.180908 0.000000 0.000000 0.000000 1.000000 1.000000 1.000000 1.000000
3311.400146 33.760986 3395.357178 0.000000 0.000000 0.000000 1.000000 1.000000 1.000000 1.000000
2996.412842 0.000000 3283.416748 0.000000 0.000000 0.000000 1.000000 1.000000 1.000000 1.000000
3183.150146 0.000000 3317.958008 0.000000 0.000000 0.000000 1.000000 1.000000 1.000000 1.000000
3230.239258 0.000000 3433.204834 0.000000 0.000000 0.000000 1.000000 1.000000 1.000000 1.000000
3038.281250 0.000000 3411.410645 0.000000 0.000000 0.000000 1.000000 1.000000 1.000000 1.000000
3009.484375 0.000000 3535.680664 0.000000 0.000000 0.000000 1.000000 1.000000 1.000000 1.000000
3258.455566 0.000000 3512.238770 0.000000 0.000000 0.000000 1.000000 1.000000 1.000000 1.000000
3082.516357 0.000000 3491.020752 0.000000 0.000000 0.000000 1.000000 1.000000 1.000000 1.000000
3057.471191 0.000000 3112.530273 0.000000 0.000000 0.000000 1.000000 1.000000 1.000000 1.000000
3062.880371 0.000000 3345.584961 0.000000 0.000000 0.000000 1.000000 1.000000 1.000000 1.000000
1288.100098 0.000000 3521.006348 0.000000 0.000000 0.000000 1.000000 1.000000 1.000000 1.000000
1549.559082 0.000000 3421.009766 0.000000 0.000000 0.000000 1.000000 1.000000 1.000000 1.000000
1421.467285 0.000000 3511.561523 0.000000 0.000000 0.000000 1.000000 1.000000 1.000000 1.000000
1677.255371 0.000000 3432.148193 0.000000 0.000000 0.000000 1.000000 1.000000 1.000000 1.000000
1641.838623 0.000000 3508.246094 0.000000 0.000000 0.000000 1.000000 1.000000 1.000000 1.000000
1808.448120 0.000000 3537.692871 0.000000 0.000000 0.000000 1.000000 1.000000 1.000000 1.000000
1864.719482 0.000000 3305.387207 0.000000 0.000000 0.000000 1.000000 1.000000 1.000000 1.000000
1974.386841 0.000000 3271.047607 0.000000 0.000000 0.000000 1.000000 1.000000 1.000000 1.000000
"}
object={
	name="env_swamp_fog"
	clamp_to_water_level=no
	render_under_water=no
	generated_content=no
	layer="environmental_effects"
	entity="env_swamp_fog"
	count=15
	transform="6125.408203 0.000000 2123.628418 0.000000 0.000000 0.000000 1.000000 1.000000 1.000000 1.000000
5652.021973 0.000000 2086.852051 0.000000 0.000000 0.000000 1.000000 1.000000 1.000000 1.000000
2234.603760 0.000000 2174.426270 0.000000 0.000000 0.000000 1.000000 0.700757 0.700757 0.700757
2261.247070 0.000000 2113.576660 0.000000 0.000000 0.000000 1.000000 0.685571 0.685571 0.685571
1995.003418 0.000000 2220.144775 0.000000 0.000000 0.000000 1.000000 0.694189 0.694189 0.694189
2020.221924 0.000000 2207.772705 0.000000 0.000000 0.000000 1.000000 0.694189 0.694189 0.694189
7929.121582 -0.387939 3191.886230 0.000000 -0.263513 0.000000 0.964656 1.000000 1.000000 1.000000
5100.658203 0.098206 1019.464111 0.000000 0.234609 0.000000 0.972090 1.000000 1.000000 1.000000
5109.569824 0.367676 1036.320068 0.000000 0.234609 0.000000 0.972090 1.000000 1.000000 1.000000
5128.337891 0.000000 1134.412720 0.000000 -0.875966 0.000000 -0.482373 1.000000 1.000000 1.000000
5150.415527 0.000000 1141.110596 0.000000 0.463223 0.000000 0.886242 1.000000 1.000000 1.000000
5144.392090 0.000000 1136.118286 0.000000 -0.561546 0.000000 0.827446 1.000000 1.000000 1.000000
6677.043457 0.000000 3080.284912 0.000000 -0.316427 0.000000 0.948617 1.000000 1.000000 1.000000
6778.955566 0.000000 3066.369873 0.000000 0.169166 0.000000 0.985588 1.000000 1.000000 1.000000
6905.481934 0.000000 3101.449463 0.000000 0.000000 0.000000 1.000000 1.000000 1.000000 1.000000
"}
object={
	name="env_volcano_idle_obj"
	clamp_to_water_level=no
	render_under_water=no
	generated_content=no
	layer="environmental_effects"
	entity="env_volcano_idle"
	count=4
	transform="4434.877441 0.000000 2416.325684 0.000000 0.000000 0.000000 1.000000 1.000000 1.000000 1.000000
7748.016602 0.000000 2942.383057 0.000000 0.000000 0.000000 1.000000 1.000000 1.000000 1.000000
3655.964600 0.000000 3216.136230 0.000000 0.000000 0.000000 1.000000 1.000000 1.000000 1.000000
7257.213867 0.000000 2356.598877 0.000000 0.000000 0.000000 1.000000 1.000000 1.000000 1.000000
"}
object={
	name="env_waterfall_bottom"
	clamp_to_water_level=no
	render_under_water=yes
	generated_content=no
	layer="environmental_effects"
	entity="env_waterfall_02"
	count=12
	transform="4290.433594 0.000000 3085.937256 0.000000 -0.784706 0.000000 0.619868 0.638376 0.638376 0.638376
4298.413086 0.000000 3086.586914 0.000000 -0.497321 0.000000 0.867567 0.496438 0.496438 0.496438
4334.052734 0.000000 3114.748047 0.000000 0.013671 0.000000 0.999907 0.496438 0.496438 0.496438
4533.069336 0.000000 1550.059814 0.000000 0.822342 0.000000 0.568993 0.832263 0.832263 0.832263
4546.205078 0.000000 1487.974854 0.000000 0.643433 0.000000 0.765502 0.832263 0.832263 0.832263
4572.210449 0.000000 1474.234375 0.000000 0.194253 0.000000 0.980951 0.776111 0.776111 0.776111
4812.871094 0.000000 1605.357422 0.000000 -0.742784 0.000000 0.669531 1.000000 1.000000 1.000000
4810.495605 0.000000 1551.989746 0.000000 -0.788212 0.000000 0.615404 1.000000 1.000000 1.000000
2712.891357 0.558594 1712.359497 0.000000 0.547553 0.000000 0.836771 1.000000 1.000000 1.000000
7441.970703 0.000000 484.471710 0.000000 0.941190 0.000000 0.337878 1.000000 1.000000 1.000000
5144.908203 0.000000 1077.122314 0.000000 0.000000 0.000000 1.000000 1.000000 1.000000 1.000000
3615.497070 0.000000 3219.679199 0.000000 -0.929859 0.000000 0.367915 1.573901 1.573901 1.573901
"}
object={
	name="env_waterfall_top"
	clamp_to_water_level=no
	render_under_water=yes
	generated_content=no
	layer="environmental_effects"
	entity="env_waterfall_01"
	count=17
	transform="4289.335449 0.000000 3086.134033 0.000000 -0.575803 0.000000 0.817588 0.722831 0.722831 0.722831
4297.382324 0.000000 3086.787354 0.000000 -0.559170 0.000000 0.829053 0.649893 0.649893 0.649893
4334.042480 0.000000 3115.390381 0.000000 0.000000 0.000000 1.000000 0.649893 0.649893 0.649893
4533.711914 -0.462646 1550.805786 0.000000 0.540460 0.000000 0.841370 1.073582 1.073582 1.073582
4546.379395 -0.462646 1488.943848 0.000000 0.299762 0.000000 0.954014 1.073582 1.073582 1.073582
4571.533203 -0.462646 1474.854370 0.000000 -0.197724 0.000000 0.980258 1.001148 1.001148 1.001148
6480.081055 0.000000 2132.783691 0.000000 0.000000 0.000000 1.000000 1.057869 1.057869 1.057869
6461.730957 0.000000 2109.465332 0.000000 0.000000 0.000000 1.000000 1.507593 1.507593 1.507593
4812.988281 -0.634766 1603.300781 0.000000 0.999812 0.000000 0.019403 1.171411 1.171411 1.171411
4810.705078 -0.602051 1550.585327 0.000000 0.999848 0.000000 0.017451 1.171411 1.171411 1.171411
2711.482178 -0.807739 1711.453491 0.000000 0.855529 0.000000 -0.517755 1.281909 1.281909 1.281909
7126.787598 0.000000 946.363098 0.000000 -0.318105 0.000000 0.948055 1.171595 1.171595 1.171595
7440.966797 0.000000 485.682495 0.000000 -0.317295 0.000000 0.948327 1.279531 1.279531 1.279531
6681.367676 0.000000 1536.088013 0.000000 -0.181064 0.000000 0.983471 1.123545 1.123545 1.123545
5146.238770 -0.692383 1076.744873 0.000000 0.826865 0.000000 0.562400 1.000000 1.000000 1.000000
5145.695801 -0.692383 1075.740845 0.000000 0.949522 0.000000 0.313700 1.000000 1.000000 1.000000
3617.405518 0.000000 3221.951660 0.000000 0.353802 0.000000 0.935320 1.378100 1.378100 1.378100
"}
object={
	name="rock_granite_river_01_entity"
	clamp_to_water_level=no
	render_under_water=yes
	generated_content=no
	layer="environmental_effects"
	entity="rock_granite_river_01_entity"
	count=19
	transform="4581.155273 0.000000 2453.247070 0.000000 -0.999896 0.000000 0.014399 1.000000 1.000000 1.000000
4111.959961 0.000000 2562.627197 0.000000 0.534748 0.000000 0.845012 1.000000 1.000000 1.000000
4108.886230 0.000000 2560.987793 0.000000 0.712183 0.000000 0.701994 1.000000 1.000000 1.000000
4112.795410 0.000000 2562.794678 0.000000 0.396961 0.000000 0.917836 1.000000 1.000000 1.000000
6983.366699 0.000000 2418.413086 0.000000 -0.974129 0.000000 0.225993 1.062451 1.062451 1.062451
5891.408691 0.000000 2260.467529 0.000000 -0.263160 0.000000 0.964752 1.000000 1.000000 1.000000
5891.295410 0.000000 2261.965332 0.000000 -0.669806 0.000000 0.742536 1.000000 1.000000 1.000000
5891.331055 0.000000 2262.630859 0.000000 -0.863072 0.000000 0.505081 1.000000 1.000000 1.000000
4333.828125 0.000000 3111.473145 0.000000 -0.997614 0.000000 -0.069041 0.838916 0.838916 0.838916
4288.256836 0.000000 3086.618164 0.000000 -0.775883 0.000000 -0.630877 0.838916 0.838916 0.838916
4296.208496 0.000000 3086.985596 0.000000 -0.788469 0.000000 -0.615074 0.838916 0.838916 0.838916
4333.889160 0.000000 3116.708984 0.000000 -0.997614 0.000000 -0.069041 0.838916 0.838916 0.838916
7294.740723 0.000000 2366.121826 0.000000 0.800227 0.000000 0.599697 1.000000 1.000000 1.000000
5007.360840 0.000000 2421.356934 0.000000 -0.921524 0.000000 -0.388320 1.000000 1.000000 1.000000
4970.247559 0.000000 2445.832275 0.000000 -0.956879 0.000000 0.290486 1.000000 1.000000 1.000000
5044.195801 0.000000 2438.871094 0.000000 -0.614637 0.000000 0.788810 1.000000 1.000000 1.000000
7455.166504 0.000000 470.235596 0.000000 0.934803 0.000000 0.355168 1.000000 1.000000 1.000000
7447.607910 0.000000 477.671356 0.000000 0.993931 0.000000 0.110002 1.000000 1.000000 1.000000
4293.264160 0.000000 2661.314453 0.000000 0.604039 0.000000 0.796955 1.000000 1.000000 1.000000
"}
