object={
	name="edgeofworld_papermap"
	clamp_to_water_level=no
	render_under_water=no
	generated_content=no
	layer="papermap_layer"
	pdxmesh="edgeofworld_papermap_mesh"
	count=2
	transform="4096.000000 -150.000000 11480.000000 0.000000 0.000000 0.000000 1.000000 10.000000 10.000000 10.000000
4096.000000 -150.000000 -7800.000000 0.000000 0.000000 0.000000 1.000000 10.000000 10.000000 10.000000
"}
object={
	name="env_sandstorm_small"
	clamp_to_water_level=no
	render_under_water=no
	generated_content=no
	layer="environmental_effects"
	entity="env_sandstorm_small"
	count=11
	transform="1523.543457 0.000000 2269.380859 0.000000 0.000000 0.000000 1.000000 1.000000 1.000000 1.000000
1423.210693 0.000000 2349.553223 0.000000 0.000000 0.000000 1.000000 1.000000 1.000000 1.000000
5722.297852 0.000000 2074.956055 0.000000 0.000000 0.000000 1.000000 1.000000 1.000000 1.000000
5704.224121 0.000000 2136.048096 0.000000 0.000000 0.000000 1.000000 1.000000 1.000000 1.000000
5770.515625 0.000000 2138.452881 0.000000 0.000000 0.000000 1.000000 1.000000 1.000000 1.000000
6178.978516 0.000000 2398.467773 0.000000 0.000000 0.000000 1.000000 1.000000 1.000000 1.000000
6198.756348 0.000000 2539.690430 0.000000 0.000000 0.000000 1.000000 1.000000 1.000000 1.000000
6254.917969 0.000000 2448.114014 0.000000 0.000000 0.000000 1.000000 1.000000 1.000000 1.000000
6732.192383 0.000000 2663.086182 0.000000 0.000000 0.000000 1.000000 1.000000 1.000000 1.000000
5394.024414 0.000000 2591.697998 0.000000 0.000000 0.000000 1.000000 1.000000 1.000000 1.000000
5336.521973 0.000000 2679.645508 0.000000 0.000000 0.000000 1.000000 1.000000 1.000000 1.000000
"}
object={
	name="env_snow_fall"
	clamp_to_water_level=no
	render_under_water=no
	generated_content=no
	layer="environmental_effects"
	entity="env_snow_fall"
	count=9
	transform="3176.039307 0.000000 3371.825195 0.000000 0.000000 0.000000 1.000000 1.000000 1.000000 1.000000
2949.182617 0.000000 3415.344238 0.000000 0.000000 0.000000 1.000000 1.000000 1.000000 1.000000
3056.640381 0.000000 3208.261475 0.000000 0.000000 0.000000 1.000000 1.000000 1.000000 1.000000
2431.102295 0.000000 3433.920410 0.000000 0.000000 0.000000 1.000000 1.000000 1.000000 1.000000
2510.580322 0.000000 3285.531250 0.000000 0.000000 0.000000 1.000000 1.000000 1.000000 1.000000
2138.391113 0.000000 3486.360107 0.000000 0.000000 0.000000 1.000000 1.000000 1.000000 1.000000
2201.751709 0.000000 3321.494873 0.000000 0.000000 0.000000 1.000000 1.000000 1.000000 1.000000
1922.742188 0.000000 3466.709961 0.000000 0.000000 0.000000 1.000000 1.000000 1.000000 1.000000
1495.694214 0.000000 3494.068359 0.000000 0.000000 0.000000 1.000000 1.000000 1.000000 1.000000
"}
object={
	name="env_snow_fall_small"
	clamp_to_water_level=no
	render_under_water=no
	generated_content=no
	layer="environmental_effects"
	entity="env_snow_fall_small"
	count=21
	transform="4336.910156 0.000000 3141.968018 0.000000 0.000000 0.000000 1.000000 1.000000 1.000000 1.000000
4420.438965 0.000000 3241.433594 0.000000 0.000000 0.000000 1.000000 1.000000 1.000000 1.000000
4579.563477 0.000000 3405.777100 0.000000 0.000000 0.000000 1.000000 1.000000 1.000000 1.000000
4695.795898 0.000000 3465.489746 0.000000 0.000000 0.000000 1.000000 1.000000 1.000000 1.000000
6740.363770 0.000000 3561.869141 0.000000 0.000000 0.000000 1.000000 1.000000 1.000000 1.000000
7316.073242 0.000000 3149.554932 0.000000 0.000000 0.000000 1.000000 1.000000 1.000000 1.000000
7968.253906 0.000000 3154.045410 0.000000 0.000000 0.000000 1.000000 1.000000 1.000000 1.000000
9.488559 0.000000 3493.993408 0.000000 0.000000 0.000000 1.000000 1.000000 1.000000 1.000000
584.086182 0.000000 3367.468750 0.000000 0.000000 0.000000 1.000000 1.000000 1.000000 1.000000
670.428162 0.000000 3369.595947 0.000000 0.000000 0.000000 1.000000 1.000000 1.000000 1.000000
828.729004 0.000000 3420.973633 0.000000 0.000000 0.000000 1.000000 1.000000 1.000000 1.000000
1254.500977 0.000000 3544.005371 0.000000 0.000000 0.000000 1.000000 1.000000 1.000000 1.000000
1720.921021 0.000000 3423.383545 0.000000 0.000000 0.000000 1.000000 1.000000 1.000000 1.000000
1686.637817 0.000000 3511.984619 0.000000 0.000000 0.000000 1.000000 1.000000 1.000000 1.000000
1562.598633 0.000000 3536.399414 0.000000 0.000000 0.000000 1.000000 1.000000 1.000000 1.000000
2181.195068 0.000000 3207.316650 0.000000 0.000000 0.000000 1.000000 1.000000 1.000000 1.000000
2353.191650 0.000000 3121.579834 0.000000 0.000000 0.000000 1.000000 1.000000 1.000000 1.000000
2475.470703 0.000000 3090.133301 0.000000 0.000000 0.000000 1.000000 1.000000 1.000000 1.000000
2642.068115 0.000000 3018.019287 0.000000 0.000000 0.000000 1.000000 1.000000 1.000000 1.000000
2622.202393 0.000000 3058.263184 0.000000 0.000000 0.000000 1.000000 1.000000 1.000000 1.000000
2666.854980 0.000000 2979.474121 0.000000 0.000000 0.000000 1.000000 1.000000 1.000000 1.000000
"}
object={
	name="env_tropical_rain"
	clamp_to_water_level=no
	render_under_water=no
	generated_content=no
	layer="environmental_effects"
	entity="env_tropical_rain_entity"
	count=27
	transform="4650.120117 0.000000 1361.464111 0.000000 0.000000 0.000000 1.000000 1.000000 1.000000 1.000000
4544.426270 0.000000 1370.726074 0.000000 0.000000 0.000000 1.000000 1.000000 1.000000 1.000000
4641.125977 0.000000 1471.796387 0.000000 0.000000 0.000000 1.000000 1.000000 1.000000 1.000000
4406.683594 0.000000 1396.607056 0.000000 0.000000 0.000000 1.000000 1.000000 1.000000 1.000000
4360.645020 0.000000 1485.382935 0.000000 0.000000 0.000000 1.000000 1.000000 1.000000 1.000000
4485.047852 0.000000 1593.852417 0.000000 0.000000 0.000000 1.000000 1.000000 1.000000 1.000000
4629.733398 0.000000 1662.922607 0.000000 0.000000 0.000000 1.000000 1.000000 1.000000 1.000000
2640.662354 0.000000 1168.756714 0.000000 0.000000 0.000000 1.000000 1.000000 1.000000 1.000000
2878.114014 0.000000 1250.168213 0.000000 0.000000 0.000000 1.000000 1.000000 1.000000 1.000000
2833.453613 0.000000 1394.151001 0.000000 0.000000 0.000000 1.000000 1.000000 1.000000 1.000000
2363.969971 0.000000 1435.867920 0.000000 0.000000 0.000000 1.000000 1.000000 1.000000 1.000000
2681.472656 0.000000 1601.198364 0.000000 0.000000 0.000000 1.000000 1.000000 1.000000 1.000000
2842.398438 0.000000 1567.733521 0.000000 0.000000 0.000000 1.000000 1.000000 1.000000 1.000000
3004.067627 0.000000 1427.793457 0.000000 0.000000 0.000000 1.000000 1.000000 1.000000 1.000000
2847.733154 0.000000 1100.051270 0.000000 0.000000 0.000000 1.000000 1.000000 1.000000 1.000000
2891.705566 0.000000 1002.318726 0.000000 0.000000 0.000000 1.000000 1.000000 1.000000 1.000000
4059.835449 0.000000 2828.747314 0.000000 0.000000 0.000000 1.000000 1.000000 1.000000 1.000000
4051.177246 0.000000 2800.131592 0.000000 0.000000 0.000000 1.000000 1.000000 1.000000 1.000000
4031.452881 0.000000 2900.827881 0.000000 0.000000 0.000000 1.000000 1.000000 1.000000 1.000000
4087.779297 0.000000 2812.569824 0.000000 0.000000 0.000000 1.000000 1.000000 1.000000 1.000000
4008.361572 0.000000 2778.921387 0.000000 0.000000 0.000000 1.000000 1.000000 1.000000 1.000000
4025.070801 0.000000 2832.317627 0.000000 0.000000 0.000000 1.000000 1.000000 1.000000 1.000000
4073.693359 0.000000 2805.183838 0.000000 0.000000 0.000000 1.000000 1.000000 1.000000 1.000000
4043.817139 0.000000 2898.893311 0.000000 0.000000 0.000000 1.000000 1.000000 1.000000 1.000000
4005.570068 0.000000 2954.000000 0.000000 0.000000 0.000000 1.000000 1.000000 1.000000 1.000000
4021.506836 0.000000 2975.917725 0.000000 0.000000 0.000000 1.000000 1.000000 1.000000 1.000000
3917.631836 0.000000 2858.868896 0.000000 0.000000 0.000000 1.000000 1.000000 1.000000 1.000000
"}
object={
	name="env_tropical_rain_dense"
	clamp_to_water_level=no
	render_under_water=no
	generated_content=no
	layer="environmental_effects"
	entity="env_tropical_rain_dense_entity"
	count=9
	transform="4054.500732 0.000000 2836.794434 0.000000 0.000000 0.000000 1.000000 1.000000 1.000000 1.000000
4046.712891 0.000000 2848.753662 0.000000 0.000000 0.000000 1.000000 1.000000 1.000000 1.000000
4058.375977 0.000000 2832.981689 0.000000 0.000000 0.000000 1.000000 1.000000 1.000000 1.000000
4089.224121 0.000000 2795.464355 0.000000 0.000000 0.000000 1.000000 1.000000 1.000000 1.000000
4041.866455 0.000000 2777.442871 0.000000 0.000000 0.000000 1.000000 1.000000 1.000000 1.000000
4032.967529 0.000000 2904.790771 0.000000 0.000000 0.000000 1.000000 1.000000 1.000000 1.000000
4005.840576 0.000000 2960.833984 0.000000 0.000000 0.000000 1.000000 1.000000 1.000000 1.000000
3981.929443 0.000000 2944.507324 0.000000 0.000000 0.000000 1.000000 1.000000 1.000000 1.000000
3993.450195 0.000000 2906.339600 0.000000 0.000000 0.000000 1.000000 1.000000 1.000000 1.000000
"}
object={
	name="papermap_endofworld"
	clamp_to_water_level=no
	render_under_water=no
	generated_content=no
	layer="static"
	pdxmesh="edgeofworld_mesh"
	count=4
	transform="4002.761230 1.000000 8674.119141 0.000000 0.000000 0.000000 0.000000 10.000000 10.000000 10.000000
3973.427246 1.000000 8690.886719 0.000000 0.000000 0.000000 0.000000 10.000000 10.000000 10.000000
3981.868896 1.000000 8695.639648 0.000000 0.000000 0.000000 0.000000 10.000000 10.000000 10.000000
4096.000000 1.000000 -5202.000000 -0.000000 -0.000000 -0.000000 0.000000 10.000000 10.000000 10.000000
"}
object={
	name="sfx_rain_emitter"
	clamp_to_water_level=no
	render_under_water=no
	generated_content=no
	layer="static"
	entity="vfx_rain_emitter"
	count=0
}
object={
	name="sfx_sandstorm_emitter"
	clamp_to_water_level=no
	render_under_water=no
	generated_content=no
	layer="static"
	entity="vfx_sandstorm_emitter"
	count=18
	transform="4153.666992 0.000000 2019.221558 0.000000 0.000000 0.000000 1.000000 1.000000 1.000000 1.000000
4060.113037 0.000000 2050.896729 0.000000 0.000000 0.000000 1.000000 1.000000 1.000000 1.000000
3909.774414 0.000000 2034.931152 0.000000 0.000000 0.000000 1.000000 1.000000 1.000000 1.000000
4008.354004 0.000000 2158.241943 0.000000 0.000000 0.000000 1.000000 1.000000 1.000000 1.000000
4238.375488 0.000000 2167.740967 0.000000 0.000000 0.000000 1.000000 1.000000 1.000000 1.000000
4397.746582 0.000000 2154.683350 0.000000 0.000000 0.000000 1.000000 1.000000 1.000000 1.000000
4580.998047 0.000000 2167.432373 0.000000 0.000000 0.000000 1.000000 1.000000 1.000000 1.000000
4537.738770 0.000000 2078.383545 0.000000 0.000000 0.000000 1.000000 1.000000 1.000000 1.000000
4752.092773 0.000000 1965.348389 0.000000 0.000000 0.000000 1.000000 1.000000 1.000000 1.000000
4748.997070 0.000000 1810.860718 0.000000 0.000000 0.000000 1.000000 1.000000 1.000000 1.000000
4533.464355 0.000000 1888.377808 0.000000 0.000000 0.000000 1.000000 1.000000 1.000000 1.000000
4446.971680 0.000000 1962.687134 0.000000 0.000000 0.000000 1.000000 1.000000 1.000000 1.000000
4309.381348 0.000000 1840.414551 0.000000 0.000000 0.000000 1.000000 1.000000 1.000000 1.000000
4193.594727 0.000000 1965.173828 0.000000 0.000000 0.000000 1.000000 1.000000 1.000000 1.000000
3979.851807 0.000000 1921.535034 0.000000 0.000000 0.000000 1.000000 1.000000 1.000000 1.000000
5218.185547 0.000000 1968.952637 0.000000 0.000000 0.000000 1.000000 1.000000 1.000000 1.000000
5083.724609 0.000000 2153.596924 0.000000 0.000000 0.000000 1.000000 1.000000 1.000000 1.000000
4979.373535 0.000000 2256.223633 0.000000 0.000000 0.000000 1.000000 1.000000 1.000000 1.000000
"}
object={
	name="sfx_snowstorm_emitter"
	clamp_to_water_level=no
	render_under_water=no
	generated_content=no
	layer="static"
	entity="vfx_snowstorm_emitter"
	count=7
	transform="3081.568604 0.000000 3290.166260 0.000000 0.000000 0.000000 1.000000 1.000000 1.000000 1.000000
3028.979004 0.000000 3540.883789 0.000000 0.000000 0.000000 1.000000 1.000000 1.000000 1.000000
3261.100098 0.000000 3534.107422 0.000000 0.000000 0.000000 1.000000 1.000000 1.000000 1.000000
3083.900146 0.000000 3137.989258 0.000000 0.000000 0.000000 1.000000 1.000000 1.000000 1.000000
2994.238525 0.000000 3186.706787 0.000000 0.000000 0.000000 1.000000 1.000000 1.000000 1.000000
3231.082520 0.000000 3359.078369 0.000000 0.000000 0.000000 1.000000 1.000000 1.000000 1.000000
2974.187744 0.000000 3400.119385 0.000000 0.000000 0.000000 1.000000 1.000000 1.000000 1.000000
"}
