object={
	name="rock_generator_1_0"
	clamp_to_water_level=no
	render_under_water=no
	generated_content=yes
	layer="semidynamic_medium"
	pdxmesh="rock_granite_01_mesh"
	count=16
	transform="5402.979980 0.000000 2866.051514 0.000000 0.197106 0.000000 0.980382 0.800000 0.800000 0.800000
5406.953613 0.000000 2880.471191 0.000000 0.136326 0.000000 0.990664 0.800000 0.800000 0.800000
5402.245605 0.000000 2842.730713 0.000000 0.268280 0.000000 0.963341 0.800000 0.800000 0.800000
5411.217285 0.000000 2835.057373 0.000000 0.193210 0.000000 0.981157 0.800000 0.800000 0.800000
5400.332520 0.000000 2859.423096 0.000000 0.240987 0.000000 0.970528 0.800000 0.800000 0.800000
5401.336426 0.000000 2862.217041 0.000000 0.217430 0.000000 0.976076 0.800000 0.800000 0.800000
5400.507324 0.000000 2871.743896 0.000000 0.065998 0.000000 0.997820 0.800000 0.800000 0.800000
5406.477539 0.000000 2856.237061 0.000000 0.141527 0.000000 0.989934 0.800000 0.800000 0.800000
5411.217285 0.000000 2891.541748 0.000000 0.020712 0.000000 0.999785 0.800000 0.800000 0.800000
5402.957520 0.000000 2887.329834 0.000000 0.045904 0.000000 0.998946 0.800000 0.800000 0.800000
5434.631836 0.000000 2972.323975 0.000000 0.109320 0.000000 0.994007 0.800000 0.800000 0.800000
5418.638672 0.000000 2987.620117 0.000000 0.084155 0.000000 0.996453 0.800000 0.800000 0.800000
5417.656250 0.000000 3033.781738 0.000000 0.084185 0.000000 0.996450 0.800000 0.800000 0.800000
5417.262207 0.000000 3007.009521 0.000000 0.178983 0.000000 0.983852 0.800000 0.800000 0.800000
5415.089844 0.000000 3008.985107 0.000000 0.076218 0.000000 0.997091 0.800000 0.800000 0.800000
5416.166504 0.000000 3006.278076 0.000000 0.119387 0.000000 0.992848 0.800000 0.800000 0.800000
"}
object={
	name="rock_generator_1_1"
	clamp_to_water_level=no
	render_under_water=no
	generated_content=yes
	layer="semidynamic_medium"
	pdxmesh="rock_granite_02_mesh"
	count=24
	transform="5406.952637 0.000000 2843.730957 0.000000 0.493785 0.000000 0.869584 0.800000 0.800000 0.800000
5400.535645 0.000000 2840.573730 0.000000 0.582302 0.000000 0.812972 0.800000 0.800000 0.800000
5403.739258 0.000000 2867.842041 0.000000 0.727877 0.000000 0.685707 0.800000 0.800000 0.800000
5394.362793 0.000000 2856.855225 0.000000 0.706121 0.000000 0.708091 0.800000 0.800000 0.800000
5408.608398 0.000000 2855.750000 0.000000 0.801045 0.000000 0.598604 0.800000 0.800000 0.800000
5406.348145 0.000000 2854.557129 0.000000 0.610035 0.000000 0.792374 0.800000 0.800000 0.800000
5407.786621 0.000000 2857.940186 0.000000 0.591080 0.000000 0.806613 0.800000 0.800000 0.800000
5403.559082 0.000000 2860.108154 0.000000 0.547298 0.000000 0.836938 0.800000 0.800000 0.800000
5403.313477 0.000000 2871.852295 0.000000 0.493533 0.000000 0.869727 0.800000 0.800000 0.800000
5413.432617 0.000000 2891.730225 0.000000 0.528643 0.000000 0.848845 0.800000 0.800000 0.800000
5411.093262 0.000000 2903.079346 0.000000 0.754824 0.000000 0.655928 0.800000 0.800000 0.800000
5405.325684 0.000000 2885.178223 0.000000 0.767280 0.000000 0.641312 0.800000 0.800000 0.800000
5405.055664 0.000000 2886.716797 0.000000 0.323361 0.000000 0.946276 0.800000 0.800000 0.800000
5407.750977 0.000000 2887.286133 0.000000 0.354324 0.000000 0.935123 0.800000 0.800000 0.800000
5404.237305 0.000000 2884.678467 0.000000 0.550350 0.000000 0.834934 0.800000 0.800000 0.800000
5420.662598 0.000000 2987.767578 0.000000 0.431525 0.000000 0.902101 0.800000 0.800000 0.800000
5421.587891 0.000000 2944.959717 0.000000 0.391582 0.000000 0.920143 0.800000 0.800000 0.800000
5423.350098 0.000000 2991.930664 0.000000 0.482713 0.000000 0.875779 0.800000 0.800000 0.800000
5418.257812 0.000000 2939.449951 0.000000 0.523383 0.000000 0.852097 0.800000 0.800000 0.800000
5411.619629 0.000000 2979.094482 0.000000 0.677977 0.000000 0.735083 0.800000 0.800000 0.800000
5418.135254 0.000000 2941.687012 0.000000 0.445115 0.000000 0.895473 0.800000 0.800000 0.800000
5423.705078 0.000000 2968.471436 0.000000 0.774804 0.000000 0.632202 0.800000 0.800000 0.800000
5424.989258 0.000000 2968.753906 0.000000 0.722123 0.000000 0.691764 0.800000 0.800000 0.800000
5417.322754 0.000000 3041.947510 0.000000 0.629732 0.000000 0.776813 0.800000 0.800000 0.800000
"}
object={
	name="rock_generator_1_2"
	clamp_to_water_level=no
	render_under_water=no
	generated_content=yes
	layer="semidynamic_medium"
	pdxmesh="rock_granite_03_mesh"
	count=43
	transform="5405.392090 0.000000 2868.892090 0.000000 0.999893 0.000000 -0.014634 0.800000 0.800000 0.800000
5411.104004 0.000000 2832.760742 0.000000 0.969315 0.000000 0.245820 0.800000 0.800000 0.800000
5400.572266 0.000000 2863.683105 0.000000 0.873657 0.000000 0.486543 0.800000 0.800000 0.800000
5403.203125 0.000000 2863.536377 0.000000 0.839476 0.000000 0.543396 0.800000 0.800000 0.800000
5407.888672 0.000000 2845.762939 0.000000 0.975304 0.000000 0.220866 0.800000 0.800000 0.800000
5401.598145 0.000000 2847.850342 0.000000 0.990884 0.000000 0.134719 0.800000 0.800000 0.800000
5398.604004 0.000000 2862.748291 0.000000 0.998630 0.000000 0.052328 0.800000 0.800000 0.800000
5401.560059 0.000000 2867.392334 0.000000 0.964558 0.000000 0.263869 0.800000 0.800000 0.800000
5407.303223 0.000000 2851.230225 0.000000 0.813575 0.000000 0.581459 0.800000 0.800000 0.800000
5402.283691 0.000000 2870.764648 0.000000 0.974447 0.000000 -0.224617 0.800000 0.800000 0.800000
5400.470703 0.000000 2846.966797 0.000000 0.834075 0.000000 0.551651 0.800000 0.800000 0.800000
5407.813965 0.000000 2847.257080 0.000000 0.896084 0.000000 0.443885 0.800000 0.800000 0.800000
5400.179688 0.000000 2864.826904 0.000000 0.926357 0.000000 0.376648 0.800000 0.800000 0.800000
5404.046387 0.000000 2857.532959 0.000000 0.988809 0.000000 0.149185 0.800000 0.800000 0.800000
5407.121582 0.000000 2855.479004 0.000000 0.944178 0.000000 0.329436 0.800000 0.800000 0.800000
5401.353516 0.000000 2843.176270 0.000000 0.947745 0.000000 0.319029 0.800000 0.800000 0.800000
5402.283691 0.000000 2865.453613 0.000000 0.994205 0.000000 -0.107505 0.800000 0.800000 0.800000
5416.199219 0.000000 2911.549072 0.000000 0.952459 0.000000 -0.304667 0.800000 0.800000 0.800000
5416.653320 0.000000 2926.345703 0.000000 0.884660 0.000000 0.466237 0.800000 0.800000 0.800000
5417.205566 0.000000 2937.159424 0.000000 0.908504 0.000000 0.417877 0.800000 0.800000 0.800000
5418.601562 0.000000 2932.551758 0.000000 0.962775 0.000000 0.270304 0.800000 0.800000 0.800000
5406.425293 0.000000 2887.587402 0.000000 0.961867 0.000000 0.273518 0.800000 0.800000 0.800000
5418.913086 0.000000 2934.703369 0.000000 0.951257 0.000000 -0.308401 0.800000 0.800000 0.800000
5403.442383 0.000000 2889.125977 0.000000 0.952407 0.000000 0.304830 0.800000 0.800000 0.800000
5405.943359 0.000000 2886.810791 0.000000 0.996340 0.000000 -0.085479 0.800000 0.800000 0.800000
5425.272949 0.000000 2970.812500 0.000000 0.989114 0.000000 -0.147154 0.800000 0.800000 0.800000
5437.658691 0.000000 2972.503174 0.000000 0.958678 0.000000 0.284492 0.800000 0.800000 0.800000
5424.746582 0.000000 2940.425049 0.000000 0.859808 0.000000 0.510617 0.800000 0.800000 0.800000
5426.798340 0.000000 2973.868652 0.000000 0.973627 0.000000 0.228146 0.800000 0.800000 0.800000
5409.910645 0.000000 2979.510254 0.000000 0.984777 0.000000 0.173825 0.800000 0.800000 0.800000
5421.836426 0.000000 2989.820312 0.000000 0.981663 0.000000 -0.190625 0.800000 0.800000 0.800000
5423.882812 0.000000 2942.211182 0.000000 0.999787 0.000000 -0.020616 0.800000 0.800000 0.800000
5425.909180 0.000000 2969.028809 0.000000 0.832664 0.000000 0.553778 0.800000 0.800000 0.800000
5424.395508 0.000000 2969.518555 0.000000 0.982112 0.000000 0.188295 0.800000 0.800000 0.800000
5420.208984 0.000000 2991.274170 0.000000 0.985064 0.000000 0.172187 0.800000 0.800000 0.800000
5416.832520 0.000000 2997.173096 0.000000 0.850221 0.000000 0.526426 0.800000 0.800000 0.800000
5417.260742 0.000000 3037.894043 0.000000 0.978231 0.000000 0.207520 0.800000 0.800000 0.800000
5417.204590 0.000000 3030.233154 0.000000 0.990413 0.000000 0.138135 0.800000 0.800000 0.800000
5415.299805 0.000000 3040.051270 0.000000 0.889449 0.000000 0.457035 0.800000 0.800000 0.800000
5414.385742 0.000000 3010.516846 0.000000 0.983293 0.000000 -0.182029 0.800000 0.800000 0.800000
5420.016602 0.000000 2995.420410 0.000000 0.894865 0.000000 0.446337 0.800000 0.800000 0.800000
5416.675293 0.000000 3040.712158 0.000000 0.963725 0.000000 -0.266899 0.800000 0.800000 0.800000
5417.922852 0.000000 3018.823730 0.000000 0.986073 0.000000 0.166315 0.800000 0.800000 0.800000
"}
object={
	name="rock_generator_1_3"
	clamp_to_water_level=no
	render_under_water=no
	generated_content=yes
	layer="semidynamic_medium"
	pdxmesh="rock_granite_04_mesh"
	count=69
	transform="5407.453613 0.000000 2840.948975 0.000000 0.152593 0.000000 -0.988289 0.800000 0.800000 0.800000
5402.709961 0.000000 2861.258789 0.000000 0.887182 0.000000 -0.461419 0.800000 0.800000 0.800000
5402.364746 0.000000 2849.780029 0.000000 0.274978 0.000000 -0.961451 0.800000 0.800000 0.800000
5394.817383 0.000000 2854.662598 0.000000 0.250745 0.000000 -0.968053 0.800000 0.800000 0.800000
5408.426758 0.000000 2836.656494 0.000000 0.107576 0.000000 -0.994197 0.800000 0.800000 0.800000
5399.293457 0.000000 2847.783447 0.000000 0.078354 0.000000 -0.996926 0.800000 0.800000 0.800000
5408.449219 0.000000 2850.214111 0.000000 0.934758 0.000000 -0.355284 0.800000 0.800000 0.800000
5401.916992 0.000000 2868.984863 0.000000 0.065048 0.000000 -0.997882 0.800000 0.800000 0.800000
5403.635742 0.000000 2847.269043 0.000000 0.185164 0.000000 -0.982708 0.800000 0.800000 0.800000
5403.698730 0.000000 2870.718018 0.000000 0.789959 0.000000 -0.613160 0.800000 0.800000 0.800000
5399.935547 0.000000 2861.273926 0.000000 0.709136 0.000000 -0.705072 0.800000 0.800000 0.800000
5399.885254 0.000000 2849.998779 0.000000 0.917909 0.000000 -0.396791 0.800000 0.800000 0.800000
5395.576660 0.000000 2859.670410 0.000000 0.564726 0.000000 -0.825278 0.800000 0.800000 0.800000
5403.528320 0.000000 2858.758057 0.000000 0.911100 0.000000 -0.412185 0.800000 0.800000 0.800000
5404.720215 0.000000 2864.727783 0.000000 0.821429 0.000000 -0.570311 0.800000 0.800000 0.800000
5406.945801 0.000000 2852.682617 0.000000 0.210951 0.000000 -0.977497 0.800000 0.800000 0.800000
5406.609375 0.000000 2849.881348 0.000000 0.864949 0.000000 -0.501860 0.800000 0.800000 0.800000
5405.614258 0.000000 2855.946777 0.000000 0.647105 0.000000 -0.762401 0.800000 0.800000 0.800000
5400.891602 0.000000 2870.573975 0.000000 0.728871 0.000000 -0.684651 0.800000 0.800000 0.800000
5400.204102 0.000000 2868.746338 0.000000 0.946771 0.000000 -0.321907 0.800000 0.800000 0.800000
5407.972656 0.000000 2848.599609 0.000000 0.020196 0.000000 -0.999796 0.800000 0.800000 0.800000
5401.349609 0.000000 2844.169434 0.000000 0.239463 0.000000 -0.970906 0.800000 0.800000 0.800000
5409.478516 0.000000 2854.240234 0.000000 0.676283 0.000000 -0.736642 0.800000 0.800000 0.800000
5402.869141 0.000000 2845.667725 0.000000 0.117946 0.000000 -0.993020 0.800000 0.800000 0.800000
5394.728027 0.000000 2858.376709 0.000000 0.798158 0.000000 -0.602449 0.800000 0.800000 0.800000
5398.404297 0.000000 2849.833984 0.000000 0.933529 0.000000 -0.358502 0.800000 0.800000 0.800000
5403.304688 0.000000 2869.357422 0.000000 0.665744 0.000000 -0.746180 0.800000 0.800000 0.800000
5401.172852 0.000000 2860.733398 0.000000 0.913997 0.000000 -0.405720 0.800000 0.800000 0.800000
5403.430664 0.000000 2864.853516 0.000000 0.925945 0.000000 -0.377658 0.800000 0.800000 0.800000
5400.136230 0.000000 2844.633057 0.000000 0.165135 0.000000 -0.986271 0.800000 0.800000 0.800000
5406.521973 0.000000 2857.664551 0.000000 0.768378 0.000000 -0.639996 0.800000 0.800000 0.800000
5402.614258 0.000000 2867.862305 0.000000 0.588739 0.000000 -0.808323 0.800000 0.800000 0.800000
5400.183105 0.000000 2845.906250 0.000000 0.919622 0.000000 -0.392805 0.800000 0.800000 0.800000
5400.939453 0.000000 2869.529785 0.000000 0.892726 0.000000 -0.450599 0.800000 0.800000 0.800000
5404.799316 0.000000 2856.738525 0.000000 0.624442 0.000000 -0.781071 0.800000 0.800000 0.800000
5405.834473 0.000000 2856.954590 0.000000 0.590552 0.000000 -0.807000 0.800000 0.800000 0.800000
5403.129883 0.000000 2867.022949 0.000000 0.289107 0.000000 -0.957297 0.800000 0.800000 0.800000
5407.930176 0.000000 2855.255615 0.000000 0.768497 0.000000 -0.639853 0.800000 0.800000 0.800000
5412.276367 0.000000 2913.949951 0.000000 0.773082 0.000000 -0.634306 0.800000 0.800000 0.800000
5403.131348 0.000000 2896.824219 0.000000 0.931414 0.000000 -0.363961 0.800000 0.800000 0.800000
5414.535645 0.000000 2910.211182 0.000000 0.888476 0.000000 -0.458922 0.800000 0.800000 0.800000
5404.431641 0.000000 2888.210938 0.000000 0.867338 0.000000 -0.497719 0.800000 0.800000 0.800000
5417.967773 0.000000 2910.520996 0.000000 0.923491 0.000000 -0.383619 0.800000 0.800000 0.800000
5402.165527 0.000000 2888.960938 0.000000 0.773084 0.000000 -0.634304 0.800000 0.800000 0.800000
5418.638672 0.000000 2931.135742 0.000000 0.170576 0.000000 -0.985344 0.800000 0.800000 0.800000
5406.725586 0.000000 2884.295654 0.000000 0.675705 0.000000 -0.737172 0.800000 0.800000 0.800000
5418.375488 0.000000 2912.246338 0.000000 0.725646 0.000000 -0.688068 0.800000 0.800000 0.800000
5416.459473 0.000000 2910.222656 0.000000 0.697006 0.000000 -0.717065 0.800000 0.800000 0.800000
5410.554688 0.000000 2890.417236 0.000000 0.331359 0.000000 -0.943505 0.800000 0.800000 0.800000
5404.025391 0.000000 2887.073975 0.000000 0.137129 0.000000 -0.990553 0.800000 0.800000 0.800000
5407.684570 0.000000 2884.838379 0.000000 0.056473 0.000000 -0.998404 0.800000 0.800000 0.800000
5405.639160 0.000000 2884.178223 0.000000 0.432849 0.000000 -0.901466 0.800000 0.800000 0.800000
5407.628906 0.000000 2883.833984 0.000000 0.480275 0.000000 -0.877118 0.800000 0.800000 0.800000
5406.329102 0.000000 2885.208496 0.000000 0.913386 0.000000 -0.407094 0.800000 0.800000 0.800000
5407.155762 0.000000 2885.549561 0.000000 0.138064 0.000000 -0.990423 0.800000 0.800000 0.800000
5421.943359 0.000000 2939.542480 0.000000 0.949812 0.000000 -0.312822 0.800000 0.800000 0.800000
5418.673340 0.000000 2937.331299 0.000000 0.828212 0.000000 -0.560415 0.800000 0.800000 0.800000
5419.690430 0.000000 2940.751465 0.000000 0.742472 0.000000 -0.669877 0.800000 0.800000 0.800000
5416.647949 0.000000 2938.514160 0.000000 0.611082 0.000000 -0.791567 0.800000 0.800000 0.800000
5421.431152 0.000000 2941.239258 0.000000 0.858683 0.000000 -0.512507 0.800000 0.800000 0.800000
5420.442383 0.000000 2943.700195 0.000000 0.092262 0.000000 -0.995735 0.800000 0.800000 0.800000
5436.112793 0.000000 2972.862549 0.000000 0.104492 0.000000 -0.994526 0.800000 0.800000 0.800000
5424.564941 0.000000 2971.780518 0.000000 0.387977 0.000000 -0.921669 0.800000 0.800000 0.800000
5425.252930 0.000000 2969.889648 0.000000 0.206999 0.000000 -0.978341 0.800000 0.800000 0.800000
5419.690430 0.000000 2997.235840 0.000000 0.465628 0.000000 -0.884980 0.800000 0.800000 0.800000
5423.339355 0.000000 2993.917969 0.000000 0.382436 0.000000 -0.923982 0.800000 0.800000 0.800000
5421.143066 0.000000 2993.974121 0.000000 0.500915 0.000000 -0.865496 0.800000 0.800000 0.800000
5413.967285 0.000000 3018.569092 0.000000 0.468355 0.000000 -0.883540 0.800000 0.800000 0.800000
5419.584473 0.000000 3032.746826 0.000000 0.926930 0.000000 -0.375234 0.800000 0.800000 0.800000
"}
